0.2469979
0.4177436
0.2720191
-0.3459787
-0.0734939
-0.146905
-0.2481411
-0.1720061
-0.1019133
0.3339918
0.02335292
-0.04438275
0.3376837
0.272956
-0.4540877
-0.06759351
0.2262535
0.2085147
0.1087727
-0.1014981
0.1637344
0.06523341
-0.3906183
-0.1064777
0.4546514
0.3509898
-0.1661709
0.2163341
0.4059869
-0.3688747
0.3770974
-0.406195
0.2947632
0.3603421
0.4711285
0.4581857
-0.2392619
0.1981795
0.4133387
-0.1477947
0.06617457
0.3674644
-0.2856447
-0.2585661
-0.4620292
-0.3053982
-0.1990134
0.4078141
-0.1888848
-0.3219812
0.004365385
-0.435258
-0.08743042
-0.4739916
-0.1901639
0.004764709
0.005288648
0.006853694
-0.002324365
-0.00683599
-0.002253865
0.008036823
-0.00340953
0.008540661
0.000658785
-0.009222362
0.003060963
-0.002940319
-0.005204366
0.002222158
-0.00844981
0.001439461
-0.006512935
0.003467409
0.004245634
0.005660899
-0.007925741
0.007215502
0.004122062
0.004137583
0.006825654
0.0005509602
-0.007259822
-0.004155256
-0.009929435
-0.003586489
-3.609527E-05
-0.009851201
0.004061153
0.009800799
0.001806489
0.004172818
0.007451873
-0.001686691
0.006882537
0.008931104
0.004973938
-0.001897844
0.0058679
0.0003560176
0.004312885
0.002143551
0.004466598
-0.005807979
-0.008037869
-0.004666447
-0.009866349
0.00892023
0.007496168
-0.005700344
0.002631383
-0.007703731
0.006209762
0.008346949
0.008255169
0.005521514
0.009985518
0.006126666
0.007440319
0.004610695
0.007017367
0.004753139
-0.003459684
0.009731652
0.0006259717
-0.001759125
0.005957786
0.004362168
0.004465704
-0.0002846634
0.004308374
-0.002072216
0.004221477
-0.001681238
0.005602648
-0.009735914
-0.007114253
0.006583843
0.003879716
0.00790311
0.009335499
-0.001043695
0.006215593
0.006354628
-0.004101597
0.006298492
-0.009879572
-0.004293936
0.002096495
0.005959336
-0.009575998
0.00924514
0.00601056
0.00930221
0.0006211195
0.003922035
0.003693268
-0.001488046
-0.003260916
5.052425E-05
0.003093357
-0.00387333
0.007840037
0.008676248
0.00349431
0.00618541
-0.006132586
0.002082971
0.008384451
-0.007099938
-0.003946828
0.003660142
-0.002066232
-0.008272994
-0.005255146
0.006199281
0.004541313
-0.006044345
-0.0002765954
0.007457376
-0.008738939
-0.002755328
-0.007030468
-0.004100556
-0.002237281
0.008274192
0.003154373
0.009366469
-0.007340118
0.000439886
-0.002840353
-0.009231681
-0.008852135
0.006163225
-0.0005621733
-0.009716442
-0.0080462
-0.008117696
0.002828333
-0.009935761
0.008537383
-0.0008141883
-0.005417249
-0.003529023
0.008843157
0.003192088
-0.003357671
0.002014691
0.004350035
0.006769076
0.006756978
-0.007223394
0.007767629
-0.009138234
-0.00363412
0.005747351
0.00287734
-0.007238908
0.003205332
0.006151786
-0.002202436
0.006904554
-0.005535643
-0.002277561
0.007225668
-0.002624851
-0.001947254
-0.002625517
0.003018949
-0.003863693
0.007316317
0.00220352
-0.006797111
0.006005013
-0.007152097
-0.006739099
-0.002785705
-0.008960024
0.004805
-0.008171575
0.001774813
-0.0003997674
0.007806415
0.007316945
0.0007549655
-0.002391366
0.0003511533
0.002423237
-0.009881577
0.007689431
-0.004998325
-0.001010217
-0.001095713
-0.003126482
-0.002780732
0.006598804
-0.006587705
-0.0006397665
0.0003486024
-0.005013446
-0.007942548
-0.00465141
-0.003331414
0.006758263
-0.009253841
-0.006231253
0.006955208
-0.003081208
0.009335313
0.007640421
0.008323736
-0.0002472624
-0.002483946
0.002210871
0.00850579
0.009608088
-0.008066397
-0.003053211
0.004145016
-0.007815259
0.004953828
0.00456661
0.008172104
-0.006458862
-0.007002037
0.007419663
-0.005335913
-0.008471232
0.009435503
0.005923128
0.004258513
-0.006694037
0.001125286
-0.007735083
-0.003709036
0.0092759
-0.009459967
0.009427635
-0.007694392
0.001102436
0.00476588
0.002805054
0.001191947
0.008243944
0.00443181
