-0.08669943
-0.2022456
0.2120154
0.3923098
-0.7512316
-0.2880803
-0.01945919
-0.1026042
-0.8083783
-0.2389291
0.8721151
0.2253163
-0.4935936
-0.09664351
-0.6158667
-0.3509954
-0.1116614
0.03381771
0.2903977
0.3379152
-0.2785199
-0.3217207
0.1606406
-0.3880074
-0.05900961
-0.3593767
0.4075475
-0.4022116
0.2544258
0.5612295
0.4567218
0.3835269
0.310554
0.3146511
0.08560663
0.007809818
0.01236111
0.246772
0.2785672
0.282618
-0.005990803
0.1706905
0.7165534
0.03917283
0.3771402
0.2535571
0.4164954
0.09878659
-0.6644516
-0.3733429
-0.01685268
0.2923231
-0.1929559
-0.8328698
0.4923878
0.2028309
0.4014959
0.1307391
-0.293179
0.83534
0.3212603
-0.1955526
0.1081843
-0.3354175
0.04625386
-0.2768588
-0.2608279
0.4674934
-0.337426
-0.1799443
-0.1868576
0.3651828
0.1605993
-0.1822091
-0.2106918
0.02467555
0.1089266
-0.009669363
-0.1290916
-0.7827145
-0.4959599
-0.4073659
0.272614
0.07731532
-0.4129426
-0.3514006
0.4213704
0.4231001
0.4133725
-0.4697601
-0.4852664
0.1014166
0.1979607
-0.5997357
-0.4903524
-0.4759591
0.72147
-0.2166262
0.2801139
-0.01179749
-0.3439896
0.01340336
0.2573905
-0.4061625
-0.00531894
-0.2842416
0.2795501
-0.1350705
0.4723622
-0.281674
-0.2784472
-0.04067641
0.2168384
-0.2692649
-0.2185842
-0.1855792
0.4916668
0.1816435
0.2500836
-0.2432522
-0.1430891
0.1125645
0.7753185
0.1468637
-0.960949
-0.1305995
-0.2857191
-0.1039429
0.4345779
0.4756266
0.4699985
0.09539865
-0.7009147
0.3118852
-0.01505059
-0.3876094
-0.1818416
-0.02497464
0.4226369
-0.1464995
0.3638934
0.4116957
0.3914993
0.4734901
-0.2523956
0.1973761
0.01345271
-0.3117616
0.2774661
-0.2855197
-0.3987857
-0.3440876
-0.0452131
0.4466966
0.2917751
-0.3653426
-0.02635854
-0.1845837
-0.2514262
0.7328349
0.2282906
-0.07788044
-0.04739672
0.3672272
0.3754026
-0.3185624
0.2151643
0.2336643
0.1354686
-0.1834308
0.3716806
0.1890647
0.153882
0.4006665
-0.06702131
-0.4357254
0.09025234
-0.1652971
0.07180703
-0.398968
-0.2596487
-0.04065686
0.8903511
-0.03976959
0.3825102
0.3271042
-0.2286163
0.1012897
-0.6164997
0.190174
-0.209623
-0.2781432
-0.07079881
-0.2084073
-0.7756383
-0.3389277
-0.1923421
-0.4228138
-0.4817203
-0.3468953
0.07266384
-0.2158787
0.5779288
0.3602951
-0.6279552
-0.5220405
0.3796598
0.3449112
0.4833202
-0.05657637
0.1302454
0.047343
-0.370057
-0.4911191
0.3761478
-0.2914009
0.0126633
-0.01023573
0.780049
0.07889694
-0.05654711
-0.3725137
0.07651514
0.1536667
-0.3012989
-0.4607528
-0.2988675
-0.2666556
0.06540602
0.06688744
0.5716964
0.1844721
-0.3446754
0.5318607
0.1996655
-0.3383247
-0.2630445
-0.2712309
-0.1390831
-0.4000304
-0.4109206
-0.2930536
-0.6134832
-0.1521408
-0.3743183
-0.1806778
0.2389183
-0.3001655
0.1857645
0.2233869
-0.1989404
-0.6321912
0.3963898
-0.3314726
-0.4850321
0.3851217
0.4743891
0.004304036
-0.1214296
0.9503458
-0.03929234
-0.1790252
-0.4600986
-0.2137815
0.3161929
0.6474882
-0.4959208
0.2066537
-0.2521424
-0.2164182
-0.4014223
-0.1537298
-0.02218582
-0.303362
0.3931205
-0.831046
-0.6701356
0.2094205
-0.530297
0.1503395
0.15163
0.3056963
0.05399621
-0.4489585
0.2861468
0.1402665
0.8869408
0.6208234
0.1469756
-0.03811741
-0.1787587
-0.4693802
-0.4240273
0.2096187
-0.09469646
-0.2282632
-0.5951021
-0.1709303
-0.5437699
-0.08375674
-0.2205235
0.27565
0.346601
-0.2446695
-0.4327224
