-0.285033
-0.2574118
0.4791123
-0.3092576
0.1008208
-0.1156815
0.1274265
-0.3038118
0.1210516
0.5005456
-0.04374278
-0.2157558
-0.3826131
-0.007568359
-0.05954683
-0.5626427
0.2538778
-0.6788078
0.4750843
-0.4293637
0.3335718
0.5815067
-0.4226207
0.3386881
-0.5428493
0.1325158
0.1818399
-0.589447
0.0553441
0.2875758
0.1161685
0.1013657
0.2889977
-1.180445
-0.4320891
0.7363923
-0.1139206
0.4080645
-0.4734735
0.1032585
0.06446767
0.2841068
-0.5371683
-0.2558697
-0.2178646
0.1714419
0.1039973
0.1921681
0.1751227
-0.1435472
0.1669485
-0.05721086
-0.6220238
-0.02366203
-0.05062145
-0.3767038
-0.2906757
-0.0609979
0.5432485
0.1717746
0.6635038
-0.07533079
0.1298196
0.2237985
0.2939268
0.3980053
-0.3104118
-0.7022691
0.2172577
0.3974935
-0.02883297
0.610849
0.6180239
0.347478
0.3672981
0.1031049
0.06166905
-0.1707087
-0.2744636
-0.2231421
0.2500291
-0.8804752
0.4853086
0.2339421
0.8914866
-0.6911986
0.594699
-0.2265047
0.5155129
-0.2271503
0.06319702
0.163528
-0.1304042
0.37964
-0.05912209
-0.4409558
0.09494537
-0.6132956
0.4565606
-0.03002077
-0.2991853
-0.7477796
-0.01984519
0.1833742
0.1094657
-0.1075285
-0.4588609
-0.7222634
0.1883447
0.4861449
0.3609502
-0.56607
0.07638012
0.444301
0.2075562
0.4737612
1.062058
0.1947601
-0.4914547
-0.3228878
-0.1837439
-0.0340562
-0.1301485
-0.3769321
-0.1120692
0.9278153
-0.4292572
0.3081679
-0.002753273
-0.4438151
-0.1690914
-0.391741
-0.08205336
-0.08716697
-0.1391871
-0.09805512
0.1625276
1.223323
-0.0553022
-0.6242212
-0.1311466
-0.03344733
0.1984033
0.6885855
0.4137653
0.3934149
-0.08611184
-0.3667936
-0.5268264
-0.3157585
-0.08509845
0.6223546
0.6793706
0.2921987
-0.007498264
0.4030926
-0.7741635
-0.2953219
0.2672367
-0.3328682
-0.8911251
-0.1566655
0.805212
0.2587748
-0.4633296
0.2337452
0.0677595
-0.1095874
0.2982813
-0.2261283
0.1021885
-0.3958552
-0.2853367
0.4397199
-0.4176574
-0.1626008
-0.6463267
-0.1820706
-0.1788342
-1.151233
-0.3245702
0.04865867
-0.223645
-0.2724459
0.3670859
0.4945138
-0.0690943
-0.465873
-0.3900294
-0.5331117
0.1634976
0.1248818
0.3381445
-0.1576017
-0.4406222
0.7210953
0.1819458
-0.5030289
-0.1043984
-0.05208057
0.1014204
-0.4934416
-0.2618852
0.4843329
0.04114062
-0.5808544
0.1150989
-0.09304982
-0.7816957
0.05293971
-0.2381173
0.1250691
0.4304531
-0.4229245
0.0819779
-0.6047876
0.3856215
-0.1936341
0.5113371
-0.3908792
0.6114214
-0.3507167
-0.5887867
0.2221221
-0.5488683
0.1124346
0.137571
0.8514815
-0.3289163
0.09525925
0.331957
-0.4595032
0.3454577
-0.8875276
-0.8037132
-0.329905
0.4616228
-0.2950948
-0.5610094
0.04052299
-0.05096412
0.4758737
-0.488313
-0.3037288
0.1900502
0.2384337
0.5064985
-0.5507199
0.2797699
0.1476366
-0.193682
-0.4582203
0.01260871
-0.154521
-0.002595842
-0.1965369
-0.5351572
0.3114325
-0.4966013
0.005882442
0.643715
-0.6233828
0.1756649
-1.199063
0.4693533
-0.08516324
-0.4600581
-0.64984
-0.008849874
-0.2297259
0.01152974
-0.3644363
-0.1623532
-0.0277825
0.3666753
-0.3492969
-0.2439212
0.3734165
0.4988172
-0.1672212
-0.5240576
-0.07838196
0.3061925
-0.3596365
-0.3057926
0.2852341
0.1946534
-0.5170758
-0.556779
0.364654
0.3299023
0.08904038
-0.3182658
0.4271374
-0.2087901
0.1590159
0.4342908
-1.020572
-0.343654
-0.1030708
0.5372937
-0.7293978
-0.05342102
0.2679951
0.04675412
