-0.03342074
0.05448848
0.09718508
0.1996631
0.1502769
0.2505412
0.3422632
0.37946
0.1657635
-0.4096199
-0.08633167
-0.3148973
-0.4680257
-0.01514035
0.4568443
0.1784941
-0.04990357
0.02620178
-0.4421381
-0.1008036
0.2956202
-0.3230033
0.286141
-0.2325733
0.4738529
-0.1945364
-0.3173722
-0.02404517
0.1301628
-0.03350562
0.4731817
0.4961536
0.396804
-0.1030729
0.3047503
0.377908
0.06580573
0.2223925
0.4371085
0.4723202
-0.3776557
0.02247721
-0.4403697
-0.164092
0.1548091
0.2949102
-0.2795095
-0.2241827
0.2782079
-0.1502455
-0.3479879
-0.2329796
0.1034763
-0.4571775
0.3373916
0.3144201
-0.3755053
0.3279567
0.1310416
-0.09575063
0.3025197
-0.05367988
0.127166
0.2592607
-0.058366
0.3176732
-0.09954089
0.3709311
-0.2518482
-0.1853725
0.4557105
-0.3177575
-0.1049195
-0.05124122
-0.4356917
0.1540267
-0.1175272
-0.4893005
-0.05704695
-0.08767253
-0.4938643
0.1692712
0.4707477
0.3764505
-0.03704339
-0.1007034
-0.4443423
-0.1674389
0.4506948
-0.3061429
-0.1140547
-0.4006964
-0.4177504
0.1697895
-0.4265274
-0.4910625
0.1706722
-0.4514291
0.1724291
0.4842143
-0.2458107
-0.3584003
-0.04710478
-0.1331194
0.2204262
-0.08375555
0.4376944
0.07810527
-0.2753451
0.2770056
-0.4550103
-0.204537
-0.07487589
0.4538471
0.496264
0.1658337
-0.1634577
-0.2769094
-0.4784024
-0.2681129
0.1878
-0.4287879
-0.3290471
-0.2977972
-0.1190508
0.1984529
-0.1416536
0.1835652
0.3366746
0.1885211
-0.3673415
-0.3697894
0.3529632
-0.1413379
-0.1842995
-0.477456
0.1600703
0.4802114
-0.02676302
-0.006297529
0.4266405
0.0793888
-0.09587532
0.1650028
-0.1313208
0.2168269
0.2372264
0.4417415
0.3249735
0.2410245
0.06913525
0.430923
0.4551431
-0.2888
0.4665179
0.02669436
0.3660495
-0.3917125
-0.2931559
-0.2746363
-0.2808214
0.3466023
0.004754484
0.0380426
0.0662697
-0.1093059
0.1231588
0.2738608
0.3618499
0.4485908
-0.36534
0.2250134
-0.4247063
-0.3262473
-0.2012896
0.446925
-0.2870412
0.1459459
0.2768841
0.1924103
0.1801649
-0.3884605
0.3374726
-0.3792343
0.3007753
-0.1289228
-0.4038972
0.3329786
-0.04264516
-0.2648172
0.07735068
-0.2680556
0.4806976
0.3321197
0.004450977
0.3551433
-0.3214799
-0.0894559
-0.2225775
0.2542305
0.2451814
-0.1950369
0.1882022
-0.05605084
-0.06131417
0.397743
-0.4410628
0.2687243
0.2742463
-0.2129374
-0.03168029
0.247175
0.04744667
0.4871318
-0.2677295
-0.4518366
0.3258723
0.1594968
0.06898111
0.04206508
-0.4420104
0.2937874
0.1739496
0.3665656
0.349878
0.07727796
0.1379921
-0.2998694
-0.03036481
0.2842498
0.2156669
-0.0788421
0.2049415
0.284259
0.4743731
0.3964789
0.1106985
-0.01223058
0.1476931
-0.4706898
-0.3391016
0.1481632
-0.4086519
0.3198373
0.2862337
0.302506
0.3934034
0.4194764
0.2422154
0.1331872
0.2907194
0.1738728
0.01808864
0.2604733
-0.3008738
-0.01661736
0.3718379
-0.164126
-0.1899856
0.1128123
0.08077973
-0.3659347
0.04004329
0.3171233
0.4552145
-0.4276863
0.005538762
-0.3356886
-0.09655112
0.4682043
-0.2553732
0.373464
-0.3451784
0.452005
0.1450145
-0.03506857
0.03341442
-0.09918541
0.2099447
-0.363003
-0.2558059
0.143644
0.3409541
-0.3278947
-0.1853026
-0.0425685
0.4014226
-0.3656003
0.3485535
0.3337885
-0.3926793
0.4698429
0.02378422
-0.05707949
-0.1283258
0.4861913
-0.3291516
0.1534031
0.1262653
0.4426624
-0.05563515
-0.3115227
0.1026142
0.4720433
0.3019166
