0.06044132
0.1405221
0.09702092
-0.3221133
0.05088204
0.08489019
-0.1498368
-0.1457446
-0.1218765
-0.3989969
0.3220505
0.2611663
-0.1302479
0.4813411
-0.3281204
0.4670967
-0.169283
0.0702129
-0.02120239
0.3062581
0.1799811
-0.1780811
0.01488656
-0.2691242
-0.2891154
-0.1812688
-0.09981161
0.2808396
-0.407431
0.3567353
-0.4997058
0.02314919
0.4305094
-0.0151121
0.2732949
-0.1943842
0.3740135
-0.2538652
-0.3020864
0.3740089
0.3866669
-0.2287869
0.219941
-0.3139887
-0.08382422
0.1722114
0.3863614
0.2153711
-0.07286149
-0.1712686
-0.3482522
-0.03488129
-0.3771135
-0.1449255
0.3299441
-0.3682945
-0.470434
0.4935497
-0.3910444
0.2082507
0.1575379
-0.1599883
-0.4688203
0.3873348
0.2202825
0.337057
0.01287597
0.1329107
-0.2986289
0.2055294
-0.1767955
-0.04937965
-0.3753295
-0.1775134
0.4513906
0.4950098
-0.2447086
0.4267486
0.4672116
0.1118556
-0.1667919
0.4511375
-0.3612123
-0.1323699
0.02885109
0.4917587
0.4981315
-0.2023368
0.4638355
0.0567053
0.2838439
-0.4169551
0.494366
0.4741734
-0.05227417
0.1077893
-0.1852739
-0.09974235
-0.1168234
-0.4004925
0.4850863
-0.02766114
-0.1493229
0.05036968
-0.4234327
-0.1450835
0.1903891
-0.3479865
-0.3520515
-0.1370261
-0.2906454
0.4488008
-0.1388282
-0.3770998
0.3126825
0.2182035
0.4544814
0.1903001
0.08049816
0.4042393
-0.1401672
-0.4075059
0.07151717
0.3898551
-0.08092457
-0.3159689
-0.4098542
0.2428927
0.3376895
-0.222782
0.03182954
-0.06902808
-0.4892075
-0.4614788
-0.07592732
-0.01785487
0.448911
-0.3519702
-0.3925569
0.2272335
-0.004025877
0.1029609
-0.246607
0.3437067
-0.1685554
0.3779597
0.2479138
0.1555736
-0.2624338
0.01337308
0.2740415
-0.1259854
0.07394761
0.1485721
0.388517
0.08657354
0.2181601
0.4043689
0.05614334
-0.453207
0.3974983
0.02408224
-0.2796245
-0.1309035
0.4528493
0.2626376
-0.05356389
0.06779033
-0.06528038
-0.1961507
-0.353492
-0.01911491
0.3250185
-0.2058293
0.416564
-0.3269416
0.44655
-0.2536639
0.2352691
0.3529471
0.3463193
-0.01999229
0.1212438
-0.4661952
-0.1065039
-0.4082183
-0.1130093
0.3196913
-0.2358927
-0.366516
-0.2255653
0.2013781
-0.4381553
0.3302555
0.1656152
-0.03488129
-0.3319541
-0.3906841
0.3828169
0.06602746
-0.3840078
-0.1620124
0.2036357
-0.3861005
-0.08791333
-0.4981797
0.141661
0.1803505
-0.3479631
0.3021139
-0.3878763
0.01532561
0.2593642
0.003324807
0.424958
-0.2000911
0.3428464
0.298646
0.07957131
-0.2096763
0.200988
-0.1323451
0.09508055
0.214524
0.1688807
0.3538747
0.2127042
0.06660932
0.4468038
0.334233
0.0933091
0.4543546
0.1180448
-0.3604188
-0.2570957
-0.1500612
0.3383058
0.4931052
-0.3805834
-0.08815712
-0.1981389
0.4157246
-0.05543643
-0.2267792
-0.3832126
-0.3035619
-0.129271
-0.03310198
-0.2340042
0.4024262
-0.3398435
-0.4221587
-0.05778402
0.1243688
-0.2934402
-0.1202055
-0.100131
0.2758975
0.1667144
0.287547
-0.03185898
-0.4880171
-0.2029986
-0.3675328
-0.4250578
-0.487331
-0.09615272
-0.2147323
-0.0349198
0.288177
0.240361
0.4980561
-0.104341
0.1789919
0.3509523
0.03661042
-0.2130516
0.4640665
-0.2298542
0.196624
-0.2526381
0.200623
0.07540137
0.09227818
-0.3144193
-0.4351869
0.1406571
0.2330365
-0.3126752
0.2386857
0.3495829
-0.03089088
0.1344601
-0.3000264
-0.4247687
0.05772108
0.1588862
0.2261096
-0.4044844
0.2050154
0.02754432
0.4526221
-0.4815419
-0.08704311
0.4042188
