-0.05230886
0.1370067
0.3535805
0.3903751
0.120663
-0.121021
-0.01753539
-0.3355839
-0.1387843
0.3482822
-0.2361413
-0.1079634
-0.4502091
0.0165326
0.115149
0.1784452
-0.1282381
-0.1418211
0.2487825
0.4778953
0.4535908
-0.1768364
0.08826405
0.12128
0.168586
-0.1292337
0.1287527
0.4438523
-0.3642203
0.3023671
-0.01262373
-0.4148886
-0.3768413
-0.1895702
0.02922064
0.1177565
0.06304771
-0.424198
0.07134753
-0.05625397
0.4497806
0.2746385
0.02030116
0.2247652
0.4526631
-0.07193261
0.01217026
0.4406161
-0.1559525
-0.4257882
-0.0311473
0.4138252
-0.2664262
-0.3959386
0.293837
-0.4116127
0.4372213
-0.04951793
0.01603717
0.2104179
0.1848535
-0.4430125
-0.157059
0.1441433
-0.01999062
-0.06618601
-0.4413579
0.3085694
0.4935888
0.1523565
0.07916456
0.3227953
-0.2177134
0.3605899
0.3850926
0.3878485
-0.3821293
0.0003142953
0.04529947
0.195698
-0.4987164
-0.3688277
-0.04488951
-0.1806571
0.4577278
-0.007008374
0.1527595
-0.2572126
-0.1893644
-0.3327522
0.1224517
-0.1718814
0.1197341
-0.4533267
-0.4485235
-0.1841781
0.3043892
0.4682503
-0.1558254
-0.4109157
0.2112938
0.2504398
0.05938905
0.02126342
0.4286379
-0.09672672
-0.167981
-0.001764119
-0.2083027
-0.2990754
0.3974224
0.4770826
-0.0005108714
0.1819901
0.4452645
0.2090969
-0.4142306
-0.3074942
0.192993
-0.3572819
0.1415167
0.4987859
0.3029714
0.1608022
0.37975
-0.1694943
-0.4934564
-0.3007903
0.3743905
0.2221242
-0.2431423
-0.2277281
-0.2186022
0.377849
-0.4787344
0.1169192
0.1550237
-0.4307411
0.1019565
0.4507444
-0.2375962
0.3668126
0.05478495
0.1617063
0.1847005
0.2657619
-0.07587117
-0.4457794
-0.4360873
0.1971315
-0.2983183
0.1652254
0.3573812
-0.102659
0.0917756
0.2751331
-0.1229457
-0.4346042
0.4779903
0.368168
0.1898854
-0.3722059
0.02481037
-0.1803222
-0.2315218
-0.04492742
-0.4238147
-0.08766657
0.06004018
-0.1384377
-0.4918357
-0.3876944
-0.3534722
0.02671462
-0.476468
0.3293561
0.1374838
-0.211675
0.09544045
-0.04999679
-0.479856
0.4751122
0.2089046
-0.3791615
0.424895
0.03556985
0.2075479
0.06864899
-0.2894883
0.2121984
-0.1208714
-0.06516021
-0.2871996
0.09071046
0.3381461
-0.397294
-0.1629333
-0.3540831
-0.4476916
-0.04709989
0.05336052
-0.2630122
-0.08811051
-0.3148581
-0.1315576
-0.2287379
-0.4630128
-0.3298081
0.4994979
0.04687554
-0.1944781
0.1781061
-0.1569523
-0.4799221
-0.228093
0.2834229
0.3643986
-0.2352527
0.3806499
0.419301
0.1771878
-0.003555596
0.004135907
0.2360856
-0.003830731
-0.4677745
-0.3020724
-0.2107324
0.2654296
0.3838449
-0.2045338
-0.3319441
0.1842995
-0.1694974
0.03160447
-0.2478519
0.1825715
0.2977878
-0.01991111
-0.1825008
-0.1463704
0.4691901
-0.2683538
0.0251773
-0.3540838
-0.1328418
0.4513459
-0.3675098
0.3027071
0.3655382
-0.2205657
-0.1670792
-0.03522664
-0.4319711
0.3468074
-0.09312254
0.4466127
0.1191496
0.1251736
0.08153743
-0.2519685
-0.3871164
-0.4384332
-0.2636837
-0.4920405
-0.1159481
-0.1511459
-0.03118795
0.3410347
0.0510897
0.4150586
-0.4076824
0.05542713
0.4983591
-0.3041619
-0.1737618
0.2947935
0.3203604
0.4673553
0.4087751
0.1371486
0.3592931
0.07064766
-0.1378133
-0.04815441
-0.1076662
0.08110124
0.2491597
-0.4512035
-0.4300812
0.3238345
0.03784186
0.4547766
0.1298109
-0.09877938
-0.2963244
0.04341215
-0.4796027
-0.2685472
-0.4539955
0.1246677
-0.315467
-0.009652436
0.04252011
0.3481535
