-0.1177345
0.2655231
-0.2955389
-0.02180332
-0.1014526
-0.1000294
0.2076644
0.2640662
0.2163528
0.3269922
0.2995702
0.2562643
0.4275967
-0.3925477
0.2552321
-0.3182694
-0.108238
-0.1399222
-0.241788
0.1817605
-0.2930722
-0.134613
-0.4243984
0.3386136
-0.4713809
-0.3362818
-0.09648889
-0.2796891
0.446173
0.09007329
-0.06890136
0.08380049
-0.1622407
-0.1058871
-0.4766045
0.2898235
-0.46254
-0.3142869
-0.2361401
-0.2576116
0.04234308
0.1797895
-0.3117298
-0.4530294
0.4650662
0.315563
0.002767026
0.2761085
-0.3647604
-0.1793904
0.4223833
0.05980545
0.3114945
0.4902881
0.01631039
-0.3359956
0.3227215
0.1129139
0.01302379
0.002985418
-0.09141284
0.2643569
0.3982959
0.154441
-0.1882967
0.4528953
0.003514349
0.007920682
-0.03655177
-0.3768705
-0.4552069
0.4351826
0.1400082
0.3634677
-0.3730619
0.2317301
0.41441
0.1411608
-0.318125
0.2483319
0.1008133
0.3619522
-0.03630048
0.08380872
0.4815117
-0.2996957
-0.433
-0.4472362
-0.4419463
0.3033782
0.3045728
-0.350871
0.3979622
0.009413779
-0.1784689
-0.03655106
0.2946901
0.08742529
-0.008093894
0.1547345
0.3280007
-0.4953969
0.2603923
-0.4642702
-0.03325325
0.3412623
-0.1297629
0.1730918
-0.4684527
0.2609106
-0.4075936
-0.3053524
-0.2435372
0.0804624
0.4277358
0.4161719
-0.1123341
-0.3216234
-0.2052348
0.3382442
0.3544562
-0.1289313
0.4903337
-0.3784621
-0.1463929
-0.1287356
-0.1196644
0.4743662
0.2401441
-0.4407372
-0.298822
-0.1647128
-0.2839769
-0.1915082
-0.4909286
0.1776979
0.2312522
0.06557506
0.1918837
-0.06311566
-0.3427382
-0.1157719
-0.471652
0.07166284
0.2095462
0.4198581
-0.2517213
-0.1354725
0.3707179
0.3400004
0.3411863
-0.1031178
0.4354446
-0.03546518
-0.2220022
-0.1301191
0.431826
0.009483159
-0.4971206
-0.336453
-0.2422565
-0.07169265
0.2826943
0.4089694
-0.3233821
0.0841803
-0.2500247
-0.3175222
0.1822085
-0.02210766
-0.1667989
0.3030925
-0.1874998
-0.462854
-0.2744809
0.03856891
0.4084804
0.07887727
0.09266311
-0.2452363
0.1315327
0.1440426
-0.4173394
-0.1169112
0.2873857
0.2847717
0.1268384
-0.3419595
-0.2642111
0.3718243
0.3163544
-0.4804955
-0.09686035
-0.0180276
0.3806925
-0.1934927
-0.04338115
0.2252046
-0.3246907
-0.3578532
0.1332157
-0.2571951
-0.05697459
0.108555
0.3747787
-0.08175439
0.07284838
-0.4777648
-0.3914316
0.2696114
-0.1581612
-0.4483167
-0.3684598
-0.05604559
-0.3293122
0.3966664
0.1902827
0.3574303
0.01604325
0.1931926
0.02025813
-0.4014807
-0.3857929
-0.0200935
-0.08947593
0.4898216
-0.2817267
0.4052529
-0.2157035
-0.000462234
0.2657018
0.1784359
0.3674939
0.49702
-0.4147253
0.4034849
-0.2982228
0.3445318
0.288245
-0.009868681
-0.02062291
0.1179741
0.05540091
-0.4365287
0.209828
-0.3284198
-0.2343171
0.3934705
0.09130996
0.2914959
-0.07968193
0.4368366
-0.3370752
0.2068995
-0.1898921
0.2961129
0.3918896
-0.498695
-0.2511711
-0.4744772
-0.3499932
-0.4273157
0.22087
0.2469352
0.2448637
-0.1545228
0.274624
0.2826389
-0.4022361
0.2656786
0.3818947
-0.4775856
-0.1918905
-0.4055736
0.2960017
0.3209838
-0.1651023
0.3607297
-0.1197467
0.09811133
0.07007593
0.2099541
0.005099952
0.3383195
-0.3691072
0.06647545
0.1573154
0.2813929
0.4498192
-0.3054845
0.2640911
-0.1218589
-0.1446167
0.1502865
0.289781
0.03966171
-0.06459481
-0.3935642
0.1415782
-0.1578951
0.03804177
0.329952
0.2916884
0.1668346
0.1626038
