0.4271787
0.06991428
0.2164695
-0.4244665
0.3231932
0.2340307
-0.0304485
0.2678363
-0.4322009
0.1100628
-0.4847786
0.4706846
0.2676055
0.319732
0.1342535
0.08362788
-0.0338971
-0.4570123
0.4744598
-0.4540581
0.446461
-0.08343905
0.03206211
0.03137106
0.4215456
-0.4537141
-0.4874188
0.003052771
0.3468693
-0.06251115
0.1922079
-0.239324
0.4162188
0.1358132
0.02242285
0.02647859
0.2879621
-0.3796346
-0.3199069
-0.2023227
-0.1836583
-0.1964709
0.4097804
0.06890768
-0.4844315
0.09393901
-0.2148606
0.1196975
0.1638977
-0.3280607
-0.08794171
0.2722673
0.2263632
0.09912235
0.4084189
-0.261658
-0.4699769
0.1399672
-0.04311723
-0.2573913
0.426493
-0.125575
0.3468156
-0.2312697
0.07557577
-0.05609173
0.4756646
-0.08976275
-0.2215036
-0.3340555
0.1773023
0.2124376
0.4902062
-0.2838854
0.3232651
0.1344638
-0.05395859
-0.08747023
-0.006360948
-0.3658785
0.4348285
0.441411
0.1755925
0.02067119
0.3789998
-0.224107
-0.4123845
-0.1896222
-0.2790426
0.2112913
0.402283
-0.1014004
0.16505
-0.07004517
-0.4453845
-0.292488
0.01289445
0.06519169
0.3043886
-0.2420147
-0.2269885
0.3291487
0.09529716
-0.141139
-0.2856977
0.4914854
0.289149
-0.3681592
0.3196489
0.3700209
-0.006927192
-0.4748436
0.04594594
-0.09685296
-0.04024357
0.3220978
0.4449152
-0.3944633
0.482507
0.07969433
0.4879774
-0.4517925
-0.4119341
-0.388549
0.3570936
-0.02266425
-0.2688125
0.07253867
0.04161984
0.4108425
-0.3609744
-0.4407129
0.3468705
0.1506749
-0.4343671
-0.4486827
-0.4121723
0.003520906
0.256978
-0.02780479
-0.119973
-0.4182897
-0.0708006
0.05152947
-0.324858
0.03408843
-0.2763858
-0.06139988
-0.356305
-0.0616203
0.3890945
0.03605765
0.3212304
0.4516181
0.06540912
0.0714342
-0.3849895
-0.3353524
-0.3477691
0.3336132
0.1684015
0.3037529
-0.1287883
-0.03183728
0.3916887
0.1857593
0.2193621
0.4390306
0.05237478
-0.2914501
-0.01448661
0.1821748
-0.2598488
0.4419585
0.2721997
0.4751009
-0.1548832
-0.2224424
0.01184911
-0.09465784
0.1628185
0.4403629
-0.4444983
-0.1928068
0.2427716
-0.3776468
0.4809828
0.3220233
0.217897
-0.1738448
0.1593582
0.4813541
0.2889103
0.3882946
-0.2111226
0.1399445
-0.2135459
0.3469379
-0.1983812
0.152218
-0.1793966
0.3664265
-0.3943683
0.2025503
-0.02132899
-0.02269465
0.07068413
0.1329886
0.06580395
0.3721727
0.3473198
0.1259941
0.4880458
0.3239758
0.4142274
0.1870591
0.3392316
-0.3052727
-0.1835074
0.4753498
-0.2222231
0.375016
-0.389714
0.2295827
0.4038961
0.08562964
0.185875
-0.3213052
0.3978305
-0.3659489
-0.4804829
0.4891244
0.2275991
-0.239055
0.4897586
-0.4212919
-0.2238231
-0.4409815
-0.3317676
-0.2947921
0.2182093
-0.4238142
-0.2755052
-0.4778798
-0.1546821
-0.4191381
-0.07819909
-0.4514121
0.1736915
0.3263558
0.4328275
0.4847751
0.2310092
-0.1665543
0.4259347
0.4511893
-0.4556745
0.3008649
0.4921443
-0.1966547
-0.1704838
-0.3622147
0.1748531
0.4459659
-0.2867018
-0.1448299
-0.0862779
0.4368349
-0.2415462
-0.2826881
-0.2427415
-0.202659
-0.2572737
0.02934223
-0.01835746
0.05322129
-0.4132688
-0.03910142
-0.3831757
0.3879114
0.2303245
-0.3471234
-0.1991951
0.06537515
0.4462355
-0.2410391
0.3964564
0.3236206
0.4925041
0.3449988
-0.3228405
-0.3672526
-0.275964
-0.3672532
0.3510928
-0.1319367
-0.2115217
0.2632033
0.1396767
0.263586
0.440412
0.1773844
-0.3675396
0.380769
-0.3774133
