0.1140569
-0.2372381
-0.2741427
-0.3231199
-0.2311644
-0.2847754
0.08233112
-0.4566447
-0.4949149
0.1298745
0.4885968
-0.08070928
0.3491306
-0.4665781
-0.06382936
-0.08548504
-0.3578123
0.2857443
-0.05638748
0.0634535
-0.4991496
0.02569944
-0.1388156
-0.01962548
0.02212483
0.1827497
0.1983256
0.01254016
-0.04474097
0.4600056
-0.4292947
-0.2081097
0.08592159
0.38901
0.4129984
-0.4484323
-0.4838401
-0.3907661
0.4074672
0.444046
-0.2230919
0.4518721
-0.3388219
0.2054359
0.4517695
0.2802014
0.2897804
-0.4253963
-0.3242116
0.2992649
0.3643245
0.2317884
-0.3254608
-0.1956328
0.3382663
-0.009065159
0.008238135
0.00732907
0.005581135
0.00510894
-0.0004058136
-0.007133998
0.005681641
-0.00992273
-0.00509427
-0.002910176
0.00350614
0.007067928
0.007976772
-0.009886367
0.00323347
0.002069191
-0.005059971
-0.0009351978
-0.00143529
-0.008816173
-0.004216152
-0.008499956
-0.008794343
-0.004997824
0.004850614
-0.007542403
0.006947498
-0.007531475
0.003466754
0.0005293405
-0.006330788
-0.001294698
0.0004372392
-0.00440308
0.009980807
-0.004610769
-0.003520395
-0.005243259
-0.008512223
-0.005934127
0.004675476
0.000710953
-0.0002137693
-0.006306095
-0.003890158
0.002139228
-0.0007586945
-0.005403957
0.008116465
-2.137292E-05
0.003647909
0.00191167
-0.006378395
-0.007423074
0.007104855
-0.004559771
0.004226
0.004653673
-0.006694164
0.0004665032
0.008277563
-0.007551158
-0.005544832
-0.00104513
-0.009190988
0.003134157
-0.002364847
-0.0004553376
0.00980242
0.001416586
0.002179516
-0.003801952
0.008097169
0.003030874
-0.00515048
0.003010912
0.005682475
-0.0041372
-0.001183732
0.003168785
-0.0010525
0.00916961
0.001566377
-0.0009688959
-0.006471327
0.001375483
-0.008985469
0.006423935
-0.006541903
0.004603064
-0.008928016
0.007048335
-0.003705631
-0.002016681
0.002109672
0.004817955
0.006079221
-0.007641442
0.001748375
-0.008524403
-0.008257195
0.001327621
-0.004641104
-0.004789735
-0.004985479
-0.001846059
-0.003870171
-0.008289948
0.005103559
0.004935813
-0.005984196
-0.00909177
-0.006556954
0.001374761
0.008296652
-0.001860844
-0.007746813
-0.009875495
0.001360551
0.009635126
-0.004930714
-0.004996277
-0.00347519
0.009576129
0.001351915
-0.005316384
0.001085554
0.001352033
-0.0002074586
-0.008740934
-0.008807722
0.006051823
-0.007260876
-0.006682129
0.0005304758
-0.0003872784
6.03972E-05
-0.001133977
-0.001368915
0.007733643
0.001782959
-0.004194115
0.0007181587
-0.005304422
0.009448878
-0.002609009
-0.003700472
0.002552659
-0.006196804
-0.007823545
0.0005739154
-0.009806857
-0.0006186804
-0.0002740659
0.005364346
0.001500293
-0.005669188
-0.005059795
-0.008583982
0.003241257
-0.005784128
0.007628431
-0.005657246
0.008602373
0.006230859
-0.009991357
0.00950712
0.006445544
0.002475818
0.0003062449
0.004008717
-0.003264128
0.002384335
0.001069082
-0.004522809
0.006046064
0.009813027
0.006603079
0.005648138
0.006887199
-0.006236358
0.002018317
-0.005811434
0.003403263
-0.009352097
0.007458718
0.00444566
-0.002595977
0.006616483
-0.003903819
0.00593811
0.004576203
-0.002156573
0.005983836
0.005042169
0.002377783
0.006703448
-0.00526812
0.002021641
0.00548888
0.002030074
-0.007842708
0.003501429
-0.008750891
-0.009574926
0.002663905
-0.004994291
-0.008701904
-0.009737372
0.001855038
-0.001731018
0.001048957
-0.0001957901
-0.00366418
-0.008644324
-0.002567691
0.008488415
-0.00214219
-0.007320547
-0.006117839
-0.008176334
-0.0001655826
-0.007373258
-0.00459823
0.00957098
-0.002319559
0.003304643
-0.007403493
0.005863508
0.009634694
-0.003834117
-0.004613463
-0.0005312981
-0.007141992
0.008641174
-0.00472807
0.003428957
0.008921206
0.002947139
-0.003895396
0.009485153
0.002900681
-0.006131919
0.004251468
-0.002954284
-0.001390036
0.0003112778
-0.003917009
-0.000164412
