-0.1116902
-0.4976512
0.3645359
-0.3977394
0.3644925
0.3456738
0.479226
0.01154429
0.458006
0.4370316
-0.3296015
0.03507537
-0.08629304
0.01060277
-0.2851448
0.07422739
0.1464372
0.3675189
-0.0819338
0.1289645
-0.4137516
-0.4774495
-0.4355466
0.4364984
-0.1598322
0.05908698
0.04500061
-0.2665805
0.1324522
-0.01568824
0.2445178
0.2751693
0.348796
-0.469321
-0.2047021
0.2473612
0.05891496
-0.06428164
0.02997798
0.3499442
0.2225016
0.4944165
-0.207144
0.385334
-0.09565133
0.3514514
-0.0536533
-0.4962628
-0.006997764
-0.2402404
-0.03719848
0.1424628
0.4400594
-0.4463941
-0.4374427
-0.3376938
0.1139718
0.04573506
-0.4974573
-0.1507215
-0.1033253
0.4074377
0.1789287
-0.4411428
0.05250543
-0.2026238
0.03129131
0.1622066
0.06311387
0.1469803
-0.01338464
-0.4551567
0.2828918
0.1822424
-0.4631746
0.2937238
-0.2096156
-0.2646753
0.3048019
-0.4233006
-0.06596893
-0.06211883
-0.1639469
0.445642
0.2414639
0.3970486
0.009022653
-0.1732882
-0.1294505
0.01749688
-0.1611536
-0.2953573
0.490726
-0.4188471
0.1985122
0.145377
-0.1415071
0.04922503
-0.03528041
-0.3334137
0.4633005
-0.1590384
-0.04424971
-0.2573377
-0.4907986
0.4421704
0.4994204
-0.2582968
-0.3852211
0.4513834
-0.2521132
0.4677101
0.4486483
0.1216437
-0.02754301
0.08421057
-0.1659502
0.07577437
-0.1880257
-0.308046
-0.2631797
0.2063931
0.4568161
-0.1766109
0.4470801
-0.3797724
-0.06507272
0.2606535
0.02429658
-0.4841285
0.4514154
-0.3816147
0.15756
-0.07968551
-0.2532405
-0.3866327
-0.4308317
0.3963678
0.1563903
0.4343517
-0.1943545
0.02175695
0.3003576
-0.2155834
-0.4761091
-0.205363
-0.4898837
-0.1702321
-0.1358649
0.1991774
-0.3671688
0.351698
-0.1231561
0.3147489
0.1927948
-0.1608115
-0.4939201
0.3339506
-0.08775085
-0.4572544
0.1820901
-0.01682884
0.03295487
-0.1403472
0.2243324
0.1788976
0.4513153
-0.110154
-0.1107327
-0.2681217
-0.1896302
-0.1516621
0.2732246
0.03632742
0.1171369
0.4755127
0.3293579
0.2026379
-0.378078
0.06258756
-0.02156955
0.2720209
0.3369676
-0.4874337
-0.3414687
0.02190036
-0.3782083
-0.2971148
0.4837346
0.4415932
-0.1732323
0.280162
0.1452565
-0.3770028
0.1090522
0.4485959
-0.01129693
-0.3386618
0.002436578
0.05265301
-0.238519
-0.1115203
-0.1603715
-0.06356043
0.3664347
-0.2795701
-0.4004209
0.4393322
0.4153332
-0.3728199
0.2307578
0.3898804
0.1006503
-0.4367063
-0.1968873
-0.4677563
0.2052315
0.06313926
-0.4243206
0.4181476
-0.4211711
-0.1218145
-0.2830112
-0.4900522
-0.4729804
0.05460829
0.1938311
0.1635501
0.4938132
0.08847028
-0.06631905
-0.4453306
-0.3541415
-0.08370119
0.1729059
0.4875581
-0.4884186
-0.4032439
0.4973824
0.4969002
0.1305866
-0.2441338
0.1490671
-0.2514255
-0.2780154
-0.02090889
-0.4362042
0.1930194
-0.05528635
-0.1774443
-0.2452527
0.1054854
-0.08847696
0.03587633
-0.1165224
-0.4177064
0.01357871
-0.08977288
-0.4746069
0.08871788
-0.1575685
0.3744309
-0.3078864
-0.05002946
0.03175992
0.3918313
-0.1254761
-0.335602
-0.3870385
-0.3114871
0.4910779
0.3119144
-0.257352
-0.01437813
0.1270118
-0.3880504
-0.1630865
-0.1868722
-0.1064965
0.4085125
-0.2319079
0.1230853
0.4475824
0.3769037
0.08192903
-0.2781645
0.3094013
0.1460668
-0.4432975
0.3342084
-0.4231306
-0.4865228
-0.4115957
0.401379
-0.158106
-0.4154794
-0.2409886
-0.2607298
0.009739101
0.1126572
-0.2061189
0.4686335
-0.3596478
-0.2272649
0.3012077
0.01955622
0.1817295
-0.06601149
-0.3216807
0.2812967
-0.4974424
