0.3214893
0.4923642
0.1435321
-0.4364804
-0.7904961
-0.2378121
0.06645817
0.1049497
0.1921978
0.0102511
-0.06895632
-0.7362949
-0.3962518
-0.4107459
-0.6084533
0.7833818
-0.1716763
-0.1134145
0.09403294
-0.5757107
0.7741421
0.0815832
-0.1818222
0.3570548
0.6767983
0.2125039
0.07749206
-0.1684561
0.1674232
-0.161495
0.04762381
0.01576924
0.4745787
0.176458
-0.2865095
-0.2326354
0.4335637
0.2419034
-0.0672999
-0.7061527
0.1552866
0.4360194
0.09871286
0.3523699
-0.1982354
0.3713977
-0.4447391
-0.4399176
0.3959519
-0.543444
-0.2783948
0.592082
-0.2845556
-0.4837579
-0.05663818
0.4750966
0.09071535
-0.08602089
0.09865016
0.4574038
-0.2523007
-0.8535342
-0.3829365
-0.4707022
-0.2238106
-0.3912197
-0.4527174
-0.4320318
0.05373985
0.0424543
0.2008317
0.08355528
0.2074486
0.2566701
-0.4008812
0.4367335
0.7954534
-0.3123235
0.09652108
0.4590356
0.1765281
-0.02355939
-0.6160253
-0.8340247
-0.3639575
0.008597732
-0.6882145
-0.3428686
0.06227481
-0.2178966
-0.4671454
-0.07684755
-0.4969156
0.1696782
-0.1789082
0.2526495
-0.5991328
0.9576433
-0.222167
-0.3179154
0.04506397
-0.4319184
0.1865795
-0.433248
0.485502
0.06286049
-0.1079861
-0.3661105
0.4962131
0.4284512
0.1121316
-0.515627
0.04743707
-1.202538
0.07815832
0.4161472
-0.5166047
0.2493067
-0.08200777
0.3377626
-0.1767358
-0.5950611
0.6148716
-0.3077899
-0.7686313
-0.4542426
-0.4478285
-0.4421704
0.235071
0.1416604
-0.6605306
0.2246317
0.145134
-0.2720931
-0.007554233
0.508062
0.07318848
0.3750566
-0.07490265
-0.4602147
0.01901585
-0.583508
-0.6375381
-0.126274
-0.3746207
0.05161315
0.1573905
0.3375989
0.06390695
0.2712802
-0.4999006
0.2006414
0.2244676
0.4440743
0.355903
-0.1183701
-0.6147375
-0.3214516
0.25367
0.1453335
0.001007259
-0.1971586
-0.3450335
0.1834304
-0.1125227
0.1006055
0.3522732
-0.6537872
0.1407786
0.5680229
-0.1610667
-0.02883559
-0.3836536
-0.424291
-0.1871232
0.4980581
0.2936289
0.07807136
-0.4555507
0.2995433
0.2172309
0.175322
-0.1448081
-0.2530353
0.4037429
-0.49141
0.4170053
0.00100553
0.3928382
-0.2531193
-0.04808086
-0.4613874
-0.4086125
0.09583622
0.4229766
-0.1341069
0.8005307
0.3487548
-0.4167794
-0.3839694
0.1689116
-0.05686718
-0.6688402
-0.4234325
-0.05439973
-0.1221047
-0.3938017
-0.1636649
-0.04609376
0.1915047
-0.2128872
0.7226492
-0.2922511
-0.1243131
-0.2692422
-0.241942
0.8458605
-0.03455013
-0.2455727
0.4280776
-0.4039238
-0.1074345
0.5021993
-0.3159229
-0.3836453
0.4174786
0.4639969
-0.5569515
0.1631927
-0.3096964
0.9255029
-0.123077
0.5008242
-0.4886764
0.2983166
-0.211948
0.1274973
0.3910517
0.4755991
0.4672704
-0.4732827
-0.3462456
-0.5617595
-0.4685981
-0.1487399
-0.3413593
0.3244524
-0.08098483
0.2595198
0.1720111
0.7390715
0.3633001
0.3216335
0.1658288
-0.3461686
0.2303594
0.231724
-0.3329273
0.06474513
0.129306
-0.09960788
0.4077572
-0.6001179
-0.05984214
-0.04034686
-0.1986871
0.410095
0.2561679
0.4672155
0.1657051
0.5533335
-0.2940665
-0.1819767
0.2269432
0.2406712
-0.4126508
-0.4261785
0.4457693
-0.3162488
-0.3480489
0.3738424
-0.3564001
0.1728471
-0.1730828
-0.6134564
-0.1809866
-0.0185219
-0.2997175
-0.003592789
-0.1522858
0.05283964
-0.007437706
-0.7419779
-0.2168765
-0.3963273
-0.49167
-0.09611458
-0.01815589
0.008497298
0.220074
-0.5697207
-0.2309948
0.4959161
-0.1634111
-0.1173155
