0.2017482
-0.0387947
0.3201131
-0.1211323
-0.2692312
0.3502331
-0.1272113
-0.3557228
-0.1322941
-0.4298309
-0.2636595
0.1972011
-0.4146364
0.4119657
-0.35664
0.3386199
-0.2317523
0.4416889
0.1987902
0.4160789
0.2699374
0.3140467
0.4269621
0.02036577
-3.379583E-05
0.2099525
-0.01807839
0.3864032
0.4057689
-0.12688
-0.3402915
-0.4960461
0.4592367
0.1566167
-0.3972249
0.2119708
0.2808166
-0.08666652
0.4197462
-0.0271942
-0.5438855
-0.4059186
0.1435993
0.3031229
-0.1470103
-0.05076784
-0.1911759
0.3244507
-0.1059325
0.2803807
0.8873748
-0.4426558
-0.06981862
0.4202504
0.4847991
0.2256514
-0.3445396
-0.1728064
-0.04438394
-0.4860814
-0.2532874
0.2539554
-0.2075166
0.7791849
-0.3136668
0.4160128
0.3954908
0.02282387
0.4748219
0.2590022
-0.4493678
-0.013632
0.04710072
0.03025407
-0.3743335
-0.3810112
0.3350328
0.4215139
0.1629583
0.06390148
0.3120683
0.386902
0.7479329
0.347015
-0.2527469
-0.07759815
0.06462461
0.3710564
0.05550724
0.1461556
0.2928333
-0.4166894
-0.07196087
0.2871468
-0.06416261
-0.3716089
0.3370819
-0.01673251
0.3878304
0.06394798
0.04882222
0.2864008
-0.1920032
0.4799117
-0.3551608
-0.1156457
0.3012992
0.2189103
-0.7468706
-0.1891267
0.4293606
0.1137187
0.1906227
-0.1970569
0.1191027
0.09167439
0.2592496
0.064758
-0.1034731
0.4453682
-0.1595569
-0.4673651
-0.4806427
0.2032292
-0.2796386
0.4269682
-0.3874624
-0.4107811
-0.08973485
-0.3058221
-0.1831794
-0.3710122
-0.1426044
0.4509003
-0.1955138
-0.3158367
-0.4063975
-0.05644852
0.05443543
0.09473336
-0.01697248
0.2172048
-0.1348224
0.1366925
-0.1384817
-0.2513396
0.04474193
0.05036753
0.4456369
0.03656763
-0.4582977
-0.1102204
-0.1737185
0.06027561
0.1132659
-0.2400183
-0.3917957
0.02464527
0.01044434
-0.1075724
-0.4869921
-0.1290391
-0.05767143
-0.0904122
0.1638751
0.01383978
-0.1707624
-0.3699378
-0.1144903
-0.1745877
0.1240854
-0.4594277
0.007208169
-0.02631766
-0.01124555
0.2264712
0.2714498
0.46764
-0.2519527
0.3973649
0.1760325
-0.2268909
-0.4490863
0.4304712
-0.3134958
-0.2908294
-0.2377669
0.3989128
-0.454133
0.03811115
0.1502591
-0.1037462
-0.005032718
0.253475
0.4357622
-0.1321214
0.3832868
0.02326101
-0.04896343
0.4385139
-0.164327
-0.217487
-0.2725649
0.06282872
0.3477483
0.05218147
0.203141
-0.06579536
0.1953791
0.1970545
-0.1397753
-0.1078389
0.09728199
-0.3170198
-0.4473014
-0.147509
0.01224285
0.004696548
-0.3203926
-0.05993754
-0.191569
-0.01322585
0.002643645
0.2578855
-0.03262419
-0.4520317
0.4298023
-0.5041329
0.1856803
-0.2389055
-0.01151246
0.2201712
-0.1018839
-0.3778613
0.2459835
-0.4316117
-0.4251233
-0.208627
0.3484524
0.4523587
-0.04556407
0.3016344
0.09034389
0.4637158
0.08442146
0.3309026
0.01999694
-0.4943877
-0.3567662
-0.3152474
-0.01156408
0.2509892
-0.4597918
0.4527179
0.4014775
-0.3090453
0.1068562
0.4991554
-0.1085225
0.1394796
0.2766078
0.2991539
0.03351766
-0.006680906
-0.2883613
-0.237792
-0.1278611
-0.4824834
0.1083326
0.1463129
-0.0366295
0.1871577
0.3215666
0.1074601
-0.1105959
0.2777802
-0.3935069
0.436687
0.3633304
0.2023549
0.006419122
-0.3931544
-0.2803981
-0.2692391
0.3764414
0.137148
-0.3009184
0.2486449
-0.2330901
0.0003022552
0.3083749
0.3623416
-0.1640759
0.01372856
-0.4170848
0.1894367
-0.1727524
0.0641765
-0.03143471
0.2793394
0.2257957
-0.715309
0.1235457
0.4949937
-0.2704942
