1.006359
0.5615801
0.4683325
-1.136719
0.421043
0.6046445
-0.7139553
0.187924
0.1074381
-0.3493069
-0.4392716
0.03728646
0.4080229
-0.4006454
0.5414087
-0.5749117
-0.1615737
0.267224
-1.010722
-0.3404784
0.03197461
0.3692343
-0.06326634
-0.3922353
0.4202714
0.3640538
0.07488328
0.02678102
1.07182
-0.4470463
0.1797205
0.05594105
0.31958
-0.3683091
-0.5981458
0.484579
-0.47763
0.5577368
0.544243
0.4262936
0.08536679
0.2754107
-0.08103424
1.222605
0.3023247
-0.1792095
-0.2902765
-0.2314994
0.2199187
-0.6423473
0.4706399
1.281656
0.08546364
-0.6710911
0.6936801
0.2012222
0.08725631
0.1960319
-0.7360658
0.2701256
-0.2425536
-0.128416
-0.01046127
0.3399743
-0.2015439
0.1050159
0.4184126
0.4295371
0.8132412
0.2963158
0.2786386
-0.8376905
-0.9944863
1.063401
0.3543885
-0.2210487
0.009093702
-0.01947558
-0.03527898
-0.2330373
-0.06742328
-0.4036306
0.2624382
-0.2503377
0.3712189
-1.104401
0.434356
-0.3463665
0.2272779
0.2437345
-0.8169039
0.1620226
-0.2053009
-0.2815379
-0.3885815
0.2406416
-0.3725736
-0.1717824
0.1052187
-0.4411837
-0.4994316
0.2217194
-0.4640225
0.39217
1.014207
0.352493
-0.4209504
0.1493975
-0.2191704
-0.3116561
0.9236133
0.2383846
0.2387922
-0.2917577
0.453468
0.9787376
-0.3154924
0.3242608
-0.1250353
-1.062137
0.3493978
0.06511062
-0.3162047
0.5653416
0.2587867
0.2072347
-0.02270269
-0.4590029
-0.5077518
-0.1210081
0.2937546
-0.8238304
0.5556303
0.3909763
0.6215396
0.1824228
0.4865097
0.002780497
0.1308687
0.4179316
0.07351416
0.4630395
-0.08590353
0.3431637
-0.4012878
-0.04567707
0.1410507
-0.448619
-0.1443965
0.591593
0.248937
-0.2867469
-0.4859496
-0.2805773
0.4121819
0.2991699
-0.08650583
0.117333
0.272717
-0.4305696
0.4071351
-0.2191926
-0.5189291
-0.08015519
-0.1361459
0.01582891
0.1463672
-0.4857413
-0.9361642
-1.214238
-0.2769414
-0.1002944
-0.1481103
-0.6088254
0.2351578
-0.1471455
0.2384194
0.9871572
-0.1167
-0.477468
-0.2329863
0.3377622
0.1244417
0.303758
-0.155927
0.06386362
0.7443757
0.07584518
-0.3714025
-0.3127093
0.1940628
-0.5314368
-0.4993529
0.3273358
-0.3696011
-0.3774155
0.7789024
-1.123533
-0.5704975
0.295054
0.2209916
0.4347136
-0.1241479
0.4540967
-0.3391678
-0.2223639
-0.3642097
-0.2103109
0.272876
-0.5655419
-0.3153974
-0.02382451
0.3387842
-0.5605422
0.348353
-0.0192731
-0.1468913
-0.1315243
0.7121719
-0.06881678
0.2882921
-1.082736
-0.2504439
-0.3670042
0.4738104
-0.234953
0.04091376
-0.3476198
0.4790587
0.05245906
0.5772372
-0.01175982
0.3318118
-1.068077
0.3746635
-0.05535465
0.1044413
0.4043262
-0.9426076
-0.4276161
-0.0003605485
-0.5238716
-0.09806877
0.4628881
0.574275
-0.3133839
-0.2954796
0.7812023
0.2556109
-0.7609847
0.3489127
0.2796155
1.201553
0.03369719
-0.1734585
0.725934
-0.4162217
-0.06207389
-0.3858538
-0.5634818
-0.09806854
-0.5251439
0.4428596
0.4768077
-0.1467749
0.189919
0.3134146
0.1377945
0.5043932
-0.6636356
0.215513
0.7368213
-0.3793893
-0.4030628
-0.3367875
-0.4133351
-1.282781
0.6820607
-0.04777326
1.105475
0.04629892
-0.0243085
0.118808
0.1174378
-0.3100401
0.03787893
0.3066612
0.2444724
0.1110049
0.290675
-0.2921394
-0.2232072
1.087185
-0.3723412
-0.5304754
0.6137499
0.3769059
-0.62906
0.2418405
-0.5863628
-0.07957786
0.9627464
-0.8708484
-0.1566953
-0.2143959
