-0.0668059
0.1968803
0.1644956
0.2484116
-0.3187158
0.2159676
0.1491568
0.04127079
0.07638806
0.2973467
-0.1060579
-0.1691908
-0.3017945
0.335053
0.09236294
0.4271414
0.3429083
-0.3048449
-0.05418366
-0.3267032
0.4672047
-0.4286492
0.4493297
-0.352471
0.00277704
-0.1148314
0.4154001
-0.4641404
-0.06903571
-0.1634809
0.05581135
0.0268659
-0.03441149
-0.1542861
0.1177358
-0.3235791
-0.1224455
0.2107315
0.04775208
0.4970132
-0.1033269
0.1312963
-0.05037063
-0.05075139
-0.01460129
0.4473236
0.1146989
-0.2828159
0.4616193
-0.4916208
0.3294449
-0.4801701
-0.4226992
-0.4811583
-0.2460685
-0.009363424
-0.00133969
0.001847199
-0.008975076
-0.006922402
-0.007277386
0.0003038589
0.006796788
-0.007348354
0.003391037
-0.003793419
-0.00781215
0.001190225
-0.007890332
0.0001020273
-0.006368149
-0.003266891
0.009961033
-0.006037462
-0.009380402
-0.009950295
-0.006511325
-0.002935752
0.009977387
-0.006701445
-0.00437064
-0.006223448
0.00730592
0.007559454
-0.001670717
0.00650868
0.006049151
0.00756794
-0.002978872
-0.006243691
-0.004528347
-0.006246658
-0.008921215
0.0001686867
0.009238251
-0.00523627
0.001866315
0.008060226
0.0003269091
0.008079657
-0.0008306112
0.007905586
-0.004972879
-0.006250067
0.008993223
-0.00153756
-0.001694092
0.001641151
-0.008441387
-0.001822547
0.003627014
0.005706517
-0.007865949
-0.005720604
0.009422209
0.00342101
-0.005159531
-0.004702028
-0.001886929
0.006512229
0.003685844
-0.00935908
0.008059641
-0.003322877
-0.006982284
-0.002324084
-0.008647215
-0.009217095
0.008756705
0.0003694044
-0.004599257
-0.007860288
-0.005815251
0.002718014
-0.0008176239
-0.002224344
0.005163824
-0.003027536
-0.007425217
0.001573454
-0.002379741
7.236842E-05
0.006236388
0.00564471
-0.006840486
-0.003089164
-0.006654818
-0.001183356
0.001786586
-0.00545733
-0.0007361658
-9.459443E-06
0.005548582
-0.005980138
0.004122879
-0.003884353
-0.00608501
-0.0009623896
-0.001856674
0.005006725
0.004598131
0.005841791
-0.001313735
0.003296465
-0.009407029
0.005058371
0.008331999
-0.00130222
0.006494021
0.008562496
-0.00275746
-0.001086853
-0.00283068
0.001088453
-0.002082514
-0.007000113
0.001534437
0.007545507
0.002294448
0.006114313
-0.002880543
-0.00694427
-0.004161889
-0.004908458
-0.004998215
-0.009315865
-0.0005208002
-0.009000286
-0.003489286
0.00293514
0.007790761
0.007811594
0.002269322
-0.001292977
-0.005712656
-0.008664811
0.003130602
-0.003600007
0.007423896
0.007159285
0.005099077
-0.006616683
0.008160582
0.001201931
-0.005242901
0.0001900904
-0.007976629
0.005918767
-0.003463937
-0.006171334
0.0003658189
-0.008100141
-0.009669384
0.00477513
0.00959315
-0.0004135286
-0.00361337
0.003736815
-0.006233694
0.006166327
0.008475168
-0.007196407
0.003911421
0.006079165
0.004915416
-0.0008876054
-0.005456584
-0.006546266
-0.004720947
-0.009395929
-0.006926257
-0.001451313
0.0006310092
-0.001699303
0.001405288
-0.007812293
0.001618997
0.003905482
0.004271517
-0.006029892
-0.006703472
0.003460138
0.00836538
-0.0003527654
-0.001604141
0.006540196
-0.004009434
0.001658028
-0.006644859
0.002921931
-0.0002529323
-0.003314286
-0.008989172
0.008247515
0.00614741
-0.0003843317
0.002594385
0.005738441
-0.009308906
-0.0007150257
-0.00297073
-0.002405762
0.004728932
-0.004773633
0.005836276
0.004612276
-0.001004547
0.008089824
-0.006870458
-0.004703902
0.0004561795
0.006031332
0.0002687797
-0.00495757
-0.009451859
0.00326328
-0.005822513
-0.0003455719
-0.004720475
-0.003513664
-0.00383845
-0.001985665
0.003392693
0.006117742
-0.0008221259
-0.006106391
-0.009595571
-0.00217182
0.005599756
0.008158974
-9.454601E-05
0.003221898
-0.005775297
-0.004734298
0.005392985
0.00495068
0.007637171
-0.006266603
0.009138756
-0.0007126965
-0.00357623
-0.005759053
0.008857654
0.00257065
0.008918433
