0.1355656
-0.2629449
0.2906889
-0.3510894
-0.3282919
-0.4486513
0.3647996
-0.1932129
0.3844831
0.2225894
0.2905564
0.1563226
-0.4640677
0.4308256
0.0621596
0.3408267
0.2468978
-0.2055078
-0.06678909
-0.1950597
-0.4157399
0.4226186
0.3242002
0.04970092
-0.4992468
-0.4933124
0.365222
-0.4763279
-0.002025425
-0.1477186
0.4649521
-0.2215686
-0.4115767
-0.01376015
-0.3967471
0.005093873
-0.3843517
-0.3013525
-0.2317124
0.05702215
-0.418102
-0.170141
-0.07778507
-0.1805574
-0.4619268
0.01991886
0.2610642
0.1589807
-0.1184743
-0.3440338
0.385542
-0.3255241
0.06748098
-0.09844154
-0.3236108
0.4271439
0.1247734
-0.2051812
0.4324021
0.2598516
0.1068297
-0.3537563
0.377769
0.2531549
0.3649521
0.4815723
0.2230217
0.294907
-0.3931189
-0.03842705
0.2488853
-0.418496
0.08121985
-0.06293851
-0.3559777
-0.1468533
-0.09417349
0.4541959
0.3486494
-0.2892187
0.4128594
0.3026066
-0.08839625
-0.0819121
0.4214218
0.2350503
-0.1833213
0.4887967
-0.3929492
-0.2354193
-0.4937276
0.4666259
0.4698603
-0.445006
-0.2977962
-0.2946888
0.04824954
0.4976155
-0.4706072
0.4502848
0.3355429
-0.4661038
-0.4286596
0.4890659
-0.1086474
0.1860436
0.4650857
0.03204745
-0.2644188
0.3092715
0.04091424
0.04805964
0.4183598
0.1558062
0.375187
-0.3917382
-0.25199
-0.4597862
-0.2892882
0.4244121
-0.1183349
-0.2415552
0.3007413
0.06901103
0.385358
-0.3078636
0.03820509
0.2305937
0.2061368
-0.09982699
-0.4168907
-0.2078363
0.3307323
-0.2815624
-0.2357312
-0.1379405
-0.3739311
0.1517483
0.2803905
-0.4607575
0.4257886
0.134442
-0.1086226
0.0478484
-0.4368917
0.2610141
-0.4826236
0.1338847
0.2912132
-0.05990559
-0.4685137
0.09304279
-0.2918507
-0.2625245
-0.2132201
0.1466681
-0.2830536
0.3536652
0.3856027
0.08038598
-0.3663127
0.09474152
-0.4987301
0.4825772
0.1522666
-0.05904955
0.1792923
-0.1735703
-0.3411897
0.2269575
-0.02537125
-0.1682519
-0.09333748
-0.1822852
-0.3218288
0.06184143
-0.06996948
-0.219741
0.1907077
-0.3412859
-0.3962091
0.3155512
-0.4970825
0.128304
0.3423704
0.3829262
0.1984928
0.493534
-0.07996005
0.1714723
0.17718
0.4095014
-0.4814055
-0.3657057
0.4418902
-0.2295585
-0.02284437
0.4200327
-0.1085028
-0.329475
-0.1009156
0.001883686
0.393526
0.06723207
0.1681698
0.4793711
-0.4537566
-0.4959539
-0.2862051
-0.002776444
0.3669187
0.4563203
-0.3060794
-0.4586401
0.2224723
0.4464579
0.3226464
0.09018332
0.2675114
-0.01957148
-0.2076736
0.1165671
0.09930414
0.4567053
-0.2154359
-0.01315838
0.06942767
0.04496425
-0.4630976
0.2958208
0.0969817
0.1244528
0.04503614
0.2393104
0.4756051
-0.09575468
-0.3917137
0.4251667
-0.3402456
0.0387699
-0.126087
0.4252535
-0.3854654
-0.3247029
0.315598
0.2940583
-0.3611447
-0.2683834
-0.4959766
0.009913504
0.06423122
-0.1732535
0.187364
0.3088527
0.2375301
-0.4207144
0.4616585
0.3861481
0.01087767
0.3098624
0.1177972
0.04767674
0.2778777
-0.2100061
-0.1053067
-0.03798944
-0.2052757
0.2173852
-0.3149881
-0.1136113
0.2390044
0.04416949
0.09485644
-0.4129089
0.115422
-0.3372321
0.4885498
-0.05468887
-0.1445943
-0.4199662
0.4644736
-0.2075446
-0.05665153
-0.02673453
0.2536139
0.3450216
0.06632942
0.1406079
0.2971107
-0.3650398
-0.1893488
0.3595896
-0.3943365
0.4646095
-0.1030528
-0.02953488
0.4845572
0.1899078
-0.08926052
0.01035291
0.4195514
-0.3522261
-0.06505638
0.006821573
0.05282503
