-0.4103695
-0.7395915
0.4458324
-0.02002722
-0.4678172
0.5649116
0.4855229
0.7412798
-0.1900712
0.06345171
-0.00882715
0.0280841
0.1812022
0.9241963
0.618906
0.07402676
-0.4679199
0.5329241
-0.2942009
-0.2693062
-0.005492628
-0.8519651
-0.3802699
-0.1603221
0.5304065
0.5169961
-0.4463147
-0.9613661
-0.24404
0.01033336
-0.3072325
0.180151
-0.8858423
-0.1154594
0.2123583
-0.4235725
0.1247177
-0.4674329
0.07271825
-0.5537274
0.2524558
0.3397477
-0.4000412
-0.6427784
0.4224724
-0.480881
-0.194926
-0.2584862
-0.05842501
-0.1048167
0.395296
-0.4619728
-0.6447158
0.3214301
-1.310876
0.4272693
-0.6066017
0.002753291
0.008399146
-0.0009029685
0.8516279
0.5857551
0.008372921
0.04016896
-0.3217613
-0.006262016
-0.006610236
0.8710312
-0.002309567
-0.4819774
-0.1421301
0.007450988
0.662833
0.1355332
-0.002378529
-0.005629597
0.6172757
-0.7396076
-0.008208191
0.005323729
-0.04525509
-0.005359144
-0.005562182
0.2306392
0.00441736
-0.8311911
0.6617432
-0.4542722
0.9476969
-0.007955248
-0.7529835
0.004766047
-0.009895299
-0.8242927
-0.007478051
-0.8884447
0.006997248
-0.002276941
0.02134449
0.00838599
0.3652469
-0.005692563
-0.006464932
0.006224403
-0.00401564
-0.009272894
-0.06704491
-0.6654743
-0.009560892
-0.3112158
0.3062711
0.80592
-0.007277345
0.0519204
0.8042228
0.0005575502
-0.005800663
0.008389466
-0.008451108
-0.4777233
0.8542684
-0.003044263
0.000554258
0.002085031
0.6939672
-0.1474591
0.005524036
0.245385
-0.6670624
-0.1015494
0.009723049
-0.4207782
0.4457849
-0.117498
0.004427805
0.4677517
0.03133164
0.7796658
-0.6898644
-0.009570643
0.004465625
-0.003410343
0.04500028
0.4205105
0.00623806
-0.5768232
0.06540207
-0.4933953
0.03996544
0.004992354
0.004330735
-0.7035345
-0.001835833
0.1448709
-0.001845382
-0.00924978
-0.004692508
-0.006258499
0.001608773
0.8255997
0.009548949
0.002482372
0.3958967
0.7549859
-0.002428509
-0.4458478
-0.7578947
0.001903697
0.2801019
-0.001928197
0.1894382
0.002109786
-0.1756302
-1.000042
-0.1823757
0.008606497
0.7217479
-0.006865546
0.007502503
-0.009558396
0.003081143
-0.8361956
0.6239176
0.004041946
0.103301
-0.7483285
-0.6433132
-0.9300165
0.7377717
0.005899615
-0.009205103
0.006944327
-0.008812634
0.0493086
0.002502551
0.009333832
-0.07815688
-0.001806292
-0.008370547
0.001899043
0.0005358299
-0.1084542
0.4373286
0.3898578
0.3338487
0.0004129661
-0.007751049
-0.007942053
-0.005470588
0.004591732
-0.2860648
-0.002758287
-0.00583021
-0.0006835898
-0.005270622
0.1981475
0.009126613
-0.388388
0.003351278
0.003874829
0.5279701
-0.003198637
0.3910107
0.009563684
0.5056263
-0.7649965
0.003512313
0.001970218
0.006281232
0.003182087
0.004009902
0.005486212
0.6881458
-0.009796023
0.008434294
-0.6330206
0.005361473
-0.008141911
-0.0322626
-0.1966908
-0.1907178
-0.009637985
-0.001239887
0.00671988
-0.0002871072
0.5502062
-0.002598969
0.9441666
0.001704839
-0.5879653
0.4723981
0.814178
-0.8432838
0.382145
-0.000291327
0.007827336
0.006245768
-0.001567803
0.00343013
-0.5785274
-0.09391142
0.001390246
0.001822411
0.009581968
0.00931864
0.6831027
0.001798068
-0.6750144
-0.7343733
-0.4991418
0.0002743164
-0.005696013
0.003525433
0.008008117
-0.005336516
0.9924005
-0.008220248
-0.0001974404
-0.7343849
-0.9686312
-0.7373478
0.006410086
0.7286915
-0.005334227
-0.2530598
-0.2833281
0.009372661
-0.8004183
0.7403972
0.008844826
-0.0008215653
0.005922484
-0.006172759
-4.070625E-05
-0.4055174
0.2827168
-0.007706828
0.08583679
0.8436707
0.00967839
-0.2389442
-0.001222159
0.005109699
-0.005668787
-0.5024219
