0.08231938
-0.8723284
0.180523
-0.2618822
0.5595534
-0.05475765
-0.3126936
-0.04323262
-0.3810398
0.3616252
0.3999215
-0.01496261
-0.1465289
0.3481926
0.1584006
-0.5637719
-0.08707207
0.2241398
-0.03615302
0.131841
-0.09312314
-0.2007541
-0.3429773
0.2964208
-0.8148227
-0.2961575
0.8088315
-0.447706
0.2427256
0.04038447
-0.3330451
0.3277285
-0.7188077
-0.1608034
0.5082406
0.06702536
-0.09658474
0.5495652
-0.4575112
-0.2881591
0.8785031
-0.1883747
-0.2914444
-0.2618469
0.3340788
-0.4555159
-0.001576304
-0.4859233
-0.5135778
0.8406807
0.2169883
-0.4529603
0.0245685
-0.1291955
-0.5848571
0.1945258
-0.4797707
-0.1271797
0.4037163
0.1982095
-0.1650228
0.05594014
0.3347369
0.2857538
-0.09035426
-0.1126383
0.7548582
0.2803833
-0.2129242
0.4789191
0.5442076
0.3646785
0.1399397
0.3633459
-0.06855072
-0.2337092
0.1658556
-0.2990462
-0.3683655
0.1284271
0.340119
-0.06058818
-0.2371714
-0.4583702
0.4551748
0.1135724
-0.3533283
-0.1803885
0.4377432
-0.3258891
0.411615
-0.05039936
-0.4982976
0.8105655
-0.4559652
-0.3166963
0.4528612
0.1461748
0.3019017
-0.2965531
-0.03862756
-0.1637505
0.09134799
0.3405327
-0.4142737
0.4494545
-0.02946728
-0.7740901
0.2040128
0.00718981
0.2614698
-0.2655702
0.2243345
-0.09252542
-0.2131603
-0.3327702
-0.3124592
0.2047111
-0.3295553
0.3415366
-0.1209382
-0.4242705
-0.1760687
0.09658736
-0.7472842
0.2418635
-0.2215596
0.4110491
0.7661124
0.4879587
-0.07690567
-0.01376706
-0.5956276
0.2809302
-0.5112381
0.2932394
-0.162265
-0.1004488
-0.8744217
0.05563289
-0.1514518
-0.0764479
-0.4926362
0.1779951
0.116906
0.1201909
0.3299094
0.0397591
-0.3418717
0.358021
-0.4831583
-0.5910882
-0.1721472
0.07558595
0.03051054
-0.332124
0.4466649
-0.3918755
-0.2777293
-0.02813584
0.334995
-0.3811562
-0.158805
0.1177295
-0.3134527
0.8430563
0.3526863
0.1501109
0.1802598
-0.4152123
0.1123137
0.1998862
0.07096671
-0.3806857
-0.4481616
0.4471389
0.2782525
0.2531245
0.6479952
-0.2579803
0.1796908
0.2676198
-0.3840564
0.3143882
0.07852942
0.3079058
-0.4969372
0.1806767
0.1072831
-0.09932512
-0.1569137
-0.5143884
0.007821023
0.2874521
0.1781192
-0.1773108
0.5753093
-0.1452199
-0.4775598
-0.356449
0.1012831
-0.467824
-0.1078069
0.0276534
0.2638747
0.1870449
-0.1595015
-0.4036175
-0.1812528
0.2253225
0.2822343
-0.470113
0.1567027
0.3068746
0.4417536
0.4874531
0.4397854
0.07181102
0.2463705
-0.2941684
0.250692
0.1617066
0.2387373
0.4737077
0.5375528
-0.3795623
0.2121
-0.4454286
-0.3117169
-0.441523
-0.3867165
-0.1778264
-0.1247072
0.05660367
0.4217359
-0.04259056
-0.5653815
0.4708836
-0.2341296
-0.2662619
0.822865
0.04031402
0.0007914901
0.4548477
0.3541275
0.2262208
-0.2375107
0.04363328
-0.5020145
0.05903918
-0.386142
-0.02122456
-0.379486
0.4633452
0.4251662
0.7055472
0.4496534
-0.1371976
0.1941668
-0.3315612
-0.2071541
-0.0937537
0.292339
0.6691473
-0.463088
-0.3109987
0.3591262
-0.2248518
-0.1327233
0.2075784
0.847358
-0.2771109
-0.4662977
-0.4807997
-0.3818804
-0.04583609
0.08953208
-0.1563899
-0.07731754
0.3240781
-0.4311404
-0.09779054
-0.3028642
0.1285605
-0.3648055
-0.2962455
-0.1118943
-0.1282341
-0.4563454
0.454289
0.05094379
-0.495337
-0.1201246
0.001627505
0.1441307
-0.1461422
0.4334593
0.3403373
0.01764542
-0.2862523
-0.1787083
-0.6056833
-0.09579641
0.3767122
0.3400142
