-0.3276011
0.2644564
0.4265962
-0.4486307
0.3857042
-0.09723228
-0.4128604
-0.0304932
0.05360252
-0.2519641
0.4070706
0.058626
-0.4929105
0.1140522
0.05960423
0.4341751
-0.3451278
0.3618429
-0.03642529
-0.1225236
0.1704651
0.06672722
-0.4408753
0.04578561
-0.1741887
-0.2732273
-0.4479141
0.2434748
0.4795535
0.3774248
0.1027974
-0.2779278
-0.3246915
-0.08923763
-0.3310611
-0.3284123
0.07849711
-0.3489876
-0.1528358
-0.245691
-0.3388
-0.4817709
0.2064912
0.1458911
-0.1863568
0.366272
0.2715853
0.4311972
0.4737405
0.1037112
-0.24577
0.04671556
0.3134571
-0.4655752
-0.3021348
0.1331481
-0.03965944
0.4263994
0.4601628
0.3520051
-0.4712632
-0.4107164
0.3964379
0.391735
0.05743366
0.2534146
0.199378
-0.1515062
0.3844079
0.02954239
0.3248423
0.07794839
0.4193624
-0.2254915
-0.08904821
-0.204945
-0.05285543
0.31181
-0.4482924
-0.4395537
-0.03440577
0.2639453
0.3586984
0.44224
0.4127883
-0.4605691
0.3147268
0.1911068
-0.2653509
-0.234474
0.3800418
0.4090326
0.3776436
0.1243443
-0.2954553
0.3843136
-0.3881103
-0.1624431
0.2017901
-0.219256
0.4693115
-0.1819295
-0.3781234
0.1910817
-0.4554789
0.1981268
-0.01453429
0.2013051
-0.4721874
0.1704151
-0.4519594
-0.1884417
-0.2503589
0.1771117
-0.3502616
-0.2828463
-0.4769378
0.4383718
-0.3674055
-0.297112
-0.190178
-0.01852793
-0.4619719
-0.09290022
0.3258466
-0.01462978
-0.4701957
0.1170241
0.4703094
0.3034836
0.3013686
-0.07961053
0.4908649
-0.4621768
-0.1886637
0.2993375
0.03537649
-0.4157664
0.1719183
-0.4786063
-0.1877775
-0.06446451
0.2713026
-0.3526284
0.3310729
-0.3631786
-0.1070775
0.003627717
-0.4127436
0.09266382
0.3100936
0.09619135
-0.02358979
0.4591855
0.2316135
-0.2095863
-0.146748
0.125698
0.2567736
0.3203609
-0.27881
0.02189547
-0.1036894
-0.184198
0.4718508
-0.1346846
0.07775897
-0.134612
0.05643147
-0.157033
-0.1570005
0.1517649
0.1715125
0.4195608
-0.08581585
0.2849026
0.05523664
0.4901352
0.3468486
0.3492454
-0.1205741
-0.2558464
0.04485565
0.09664124
0.03799218
-0.2305499
-0.01363593
-0.04045409
0.1278953
-0.2597198
0.4520742
-0.3003507
0.3403094
0.2482809
-0.4682585
0.3130454
-0.05856293
-0.2501813
0.1103602
-0.3072709
0.2309874
-0.3024293
-0.4580036
-0.3447573
0.01077336
-0.1088213
-0.230509
-0.09649116
-0.3536835
0.3103776
0.3899204
0.07150489
0.1664857
0.04169399
-0.2161897
0.4884076
0.02152091
-0.4988478
0.1481277
-0.3033493
-0.07621413
0.2284795
-0.2852725
-0.149528
-0.4777111
0.1938768
0.2133729
-0.2347496
0.1960933
-0.3810028
0.04802722
0.4351708
-0.4992751
-0.3779955
-0.2978704
-0.3989705
-0.3571719
0.4172308
0.2327201
-0.05379981
-0.2219382
-0.2601345
0.4125761
0.3023158
-0.1944662
0.3084624
-0.481434
0.1084483
0.2488085
0.1175721
-0.19836
0.06421512
-0.4387168
0.1852132
0.1168111
0.01821798
-0.1729591
-0.4722426
-0.3599567
0.1673812
0.1191309
0.4309888
-0.4629605
-0.08896977
-0.461536
-0.09468013
0.1766033
-0.4159693
0.2645842
0.4972463
0.44423
-0.3151414
-0.2119791
-0.2958466
0.1629712
0.06392807
0.2838925
-0.3912364
0.2809554
-0.2365343
-0.4333767
-0.3710366
-0.2429022
0.06139952
0.06663293
0.2809093
0.1272796
-0.1752524
0.4885775
0.3872306
0.4083887
0.443782
0.4402788
-0.3857946
0.2907311
-0.3187692
0.2828
0.472941
-0.04656333
0.2122887
-0.4941415
-0.01371151
0.4995155
-0.43899
0.09979111
