2.61493
-0.8555251
-0.1131351
1.769924
-1.314007
0.2904319
-4.1864
3.386609
1.560412
-1.343029
-0.3831201
0.6639611
-0.4348639
-0.1681168
-0.8858445
1.661317
-2.806038
1.305594
0.9637563
-0.494728
-1.889227
-0.8287903
-1.936326
-0.533033
-1.591213
0.2345061
-0.5247756
0.6366055
-2.46893
2.073185
-1.898137
-2.010307
1.202122
0.1008217
0.7189273
2.545282
-2.850269
2.487634
1.627416
1.860503
0.7205276
-1.301896
0.8033927
1.092576
-1.323175
-0.4366028
0.993153
-3.777837
0.6316538
-0.8888806
-0.5428152
0.6896571
-0.9295444
-3.275285
-0.02580282
3.144493
1.337165
-0.3190522
0.4301234
-1.37768
-0.7596895
0.6025342
-0.9617589
0.6162597
0.6456685
-2.45492
1.760155
2.613233
0.5450331
0.3073901
-0.9512537
-1.925103
0.3868336
0.6154258
-0.1859396
3.718556
-2.053691
-0.3217505
0.1557593
0.8113242
-1.248978
1.869019
-2.604677
-3.115727
-1.714242
2.730203
2.458497
-1.204767
1.917196
2.056558
0.4835358
3.645583
-1.506502
-0.5483837
4.564959
-1.326542
1.395351
-0.7654384
-1.033273
0.645602
-0.4610276
-1.683827
-2.939069
-1.039959
2.036949
-1.513426
-2.113111
1.891396
2.079164
0.773308
-3.15744
-1.014719
2.110334
-0.4317943
-0.1772333
-0.4553396
-0.08149731
3.090117
-1.869353
-5.079908
0.8719802
0.557187
2.004699
-0.8691587
-0.3438753
1.583442
0.5847924
1.373255
0.5194122
-1.812761
3.173644
0.5936
0.3555653
-0.2394605
5.254167
1.015083
-1.616659
-0.5386556
1.102287
-0.6672232
2.013397
-0.4135023
-1.43395
-0.6342597
0.9329753
-1.747693
1.000252
0.6596423
-3.017068
2.266977
-0.5308301
-0.2337062
2.320144
1.068201
0.8090215
1.720244
1.659496
0.7554224
-1.604278
3.656915
-1.937022
-2.028716
1.832316
0.8398933
-1.172859
-1.829751
-0.7718492
0.4267166
-0.6298654
-2.471005
-2.869364
-0.2639035
2.644787
0.9698069
0.7729682
-1.485671
0.6150804
-1.951139
1.036319
-0.4056675
-0.7634478
0.1296806
-1.492375
-2.273133
0.3745221
-0.0262897
-0.1995567
1.002012
0.4132564
1.56987
1.301506
-1.567507
1.281377
1.261853
2.830499
-2.561561
1.77308
1.118682
3.521301
0.9405883
-3.338698
0.5000309
-1.453337
-0.264474
-0.9059032
-3.665482
1.344655
-4.887642
-2.830219
1.100853
1.691205
-0.7841058
-1.295883
1.494663
-0.8529624
1.125701
2.976029
3.122494
1.68269
1.91384
0.1327692
0.6459785
-2.176053
-1.397215
-1.360327
0.6679823
2.985239
-0.3459651
0.4300537
-5.175491
1.105774
0.1305735
2.006766
0.8984784
-1.369966
-1.064394
-0.5412359
0.1622032
0.9727035
2.388586
-0.9074426
1.116617
0.5045353
4.488328
0.4492504
0.403347
-3.364382
2.51871
1.15516
-1.498175
-0.6608902
-2.685982
0.6674976
-2.437326
-0.2195002
4.087496
0.5339525
1.652338
0.2740181
-2.075929
-2.800625
-2.273983
-0.2145798
0.3225195
-2.020626
0.9345559
-0.2594762
-1.593173
1.892711
1.081651
-1.612212
-2.928297
1.996985
1.323849
2.038116
0.4054641
3.406133
3.032124
0.9706968
1.557413
1.477062
1.808543
2.393987
1.309091
2.058373
1.460796
-2.022039
-3.373017
-0.7416513
-2.201725
-0.9253335
1.078504
-0.5405774
0.9221013
-3.343699
-4.071641
0.4415799
2.568119
-1.998734
0.2483399
1.215552
-1.945081
1.36984
-1.287438
1.759048
