0.3747936
-0.6834866
0.07862717
0.02025934
-0.1715109
-0.218385
0.9323494
1.367049
-1.412575
1.961494
0.2508053
0.09902565
-2.434903
-0.6651307
0.9848156
-0.3048218
-0.8202527
-0.1247751
0.9870306
-0.4652777
-0.1129374
-2.706699
0.6390601
-0.7846065
-0.3015947
1.872146
-0.2563325
-0.1508353
1.434033
-1.054242
-0.0136454
-0.1940209
0.4652922
0.8664594
-0.3421743
2.002715
0.6308957
-1.505142
1.851799
-0.3202716
1.240541
0.729525
-0.8601097
0.9396511
0.6118345
1.13033
-0.007320046
-0.1642726
-0.3397397
0.01800299
-0.7553432
0.04881639
-0.4648595
1.143226
-0.929083
0.6411465
1.537149
-0.08731328
0.6169654
1.533238
-0.1827247
1.374454
1.71085
0.1019877
-0.04043238
-1.37491
-1.117396
-0.9004396
-0.7722458
-0.1226259
1.895147
1.601164
-2.288672
-0.407882
-0.8990765
-1.24381
0.313399
2.406245
-0.170609
0.6882194
-0.2446856
1.355343
-0.8135918
-0.3093257
0.3468611
-1.770212
-0.6219227
1.211609
1.090808
0.3646112
0.9564868
-3.815582
-0.5838671
-0.34839
1.037685
-0.1342614
-1.350278
-0.8103867
-1.203363
-0.4122967
0.8873783
-1.785268
-1.639728
0.509609
0.2229465
-1.30766
0.5351344
-0.4318577
0.5723037
-0.5469503
-0.9927705
-0.6864058
0.6171101
0.308106
1.452511
1.468788
-1.806752
-0.01731312
0.8828595
0.6845893
1.043512
1.384055
-1.654321
-0.1617169
2.19572
-0.8958499
-1.507604
-0.4721838
-0.3866676
-1.350724
0.2226401
-1.164752
2.9096
0.7781232
0.7338902
2.456552
-0.3822346
0.4859942
-0.4860347
0.5646731
1.155327
-1.25278
-0.3479527
-0.2085834
0.2641184
0.7555013
1.426884
0.9351939
-1.79768
-2.153791
-0.780203
1.39379
0.1061948
2.128567
0.4045469
-0.3163983
1.71062
0.9775305
2.269506
0.8230263
-0.2428363
0.6556958
-0.8255008
1.283885
1.479446
0.5209282
1.360741
-0.5443157
0.6411561
-0.04198352
0.5656286
-0.6156448
-0.5529791
0.7014951
-1.237458
-0.996097
-2.188647
0.02630256
-1.930183
1.055958
0.9604436
0.488979
0.04561549
-1.85714
1.29876
0.6667662
0.6192968
-1.369063
-0.2343452
0.973123
0.1675358
-1.354876
0.154297
-1.131497
-0.3937505
0.7651935
-0.717271
0.3928359
-1.069569
-1.200566
1.395065
-1.078846
0.908956
0.6701562
1.275621
-0.5524447
-0.6818345
1.610178
-0.2286792
-1.005012
0.2423735
1.022407
-0.8394964
0.3576305
-0.2995229
-0.3124361
0.7187038
-0.236179
-0.4253283
0.4626174
0.5514855
-1.221516
0.623798
1.205383
-0.09859949
1.176325
-0.4609144
0.7451974
-1.082094
-1.4128
0.7827209
0.2131053
-3.428868
-2.01353
0.278081
0.3619962
0.6815503
1.630394
0.6510818
-0.01521158
-2.409108
-1.23418
0.2600413
-0.5166806
-0.234529
0.7721384
-0.3568316
0.1189334
0.1987329
0.6987934
1.018279
1.547853
0.6668133
-0.0229518
-0.5183199
0.2499566
0.0688163
-0.6073388
-1.357499
1.053748
-0.6093886
-0.05903782
-0.9365374
0.2484741
0.8573878
-2.624533
0.1917517
-0.5052921
-0.9157816
0.4105501
2.666706
1.639297
-0.3331947
-0.08718914
-1.139273
-0.8955145
0.4241195
0.4388137
-1.13122
-1.164802
-0.6201732
1.487453
0.1219945
-0.4915947
0.1922552
1.502271
1.333964
0.6198699
0.0332154
-1.277336
-0.9107885
-0.03678946
2.173187
0.05856419
0.7141023
-0.9635755
0.579537
0.3392771
-1.455747
2.155702
-0.5638775
0.3472325
0.9229661
2.123021
1.742348
