-0.4726244
-0.4424112
0.4104646
0.1092474
0.4113576
-0.1719965
-0.1153465
0.4948865
-0.3376968
-0.2552968
-0.2408661
0.3483851
0.018794
-0.4815105
-0.1603969
0.2383732
-0.105204
-0.2283414
-0.1394697
-0.2358885
-0.3289905
-0.09641832
0.2705244
-0.1482601
-0.2144883
0.3223362
0.4791683
0.1978776
-0.1551489
0.4601482
-0.303854
-0.4191183
-0.2329542
-0.1949348
0.4864569
0.4995281
0.02068685
0.08654529
0.1732216
-0.03603047
0.4037924
0.2397947
-0.04036897
-0.08362085
-0.1690225
0.2426734
-0.291005
0.4530704
0.2417583
-0.2044074
-0.4780226
-0.3026958
0.4268179
-0.0141924
0.4391453
-0.366521
0.1850557
0.807271
0.4982506
0.4911822
-0.2227661
-0.0941633
0.11436
-0.6609322
-0.3741446
0.3162947
-0.4394304
-0.1823705
-0.3902012
-0.2983372
0.003243148
0.2503052
-0.1684663
-0.0390293
-0.06812268
0.3824466
-0.06850463
-0.04951364
0.3860731
-0.743246
0.06280953
-0.3643386
0.1381734
0.1964269
-0.3822312
-0.2579571
-0.1933686
0.09360105
0.4361646
-0.04767746
-0.1086491
-0.4408401
-0.2621733
-0.01414126
-0.4338999
-0.2542675
-0.3968152
-0.07302839
-0.3062156
0.4637039
0.46507
0.4460114
-0.02695346
-0.2727042
0.008564651
0.01894885
-0.4263389
0.1102819
0.3021103
-0.0491522
-0.2368261
-0.1898633
0.139049
-0.3948486
0.04227418
0.4339972
-0.04568464
0.1479916
0.02454144
0.08273524
0.5620634
0.1353965
-0.4918385
-0.1103047
-0.4292773
-0.445267
-0.1697366
-0.2427437
0.0132913
-0.6331905
-0.3540729
-0.2325572
0.04209131
-0.07797819
0.1931441
-0.4768898
0.3776593
-0.2472269
0.4874512
0.262229
-0.2671621
-0.4737211
-0.08857614
0.6052239
-0.4072745
-0.297981
-0.1193543
-0.4511142
0.3481052
-0.3275712
0.4273278
-0.4350624
-0.1100076
0.4985772
0.06170732
0.3380078
-0.07039326
0.09644252
-0.1291212
0.382731
0.2308023
0.4533601
-0.08465105
0.5126003
-0.006251872
-0.4579755
0.01961106
0.4058799
-0.02787024
0.4328606
0.4672422
0.08003265
0.4622408
0.165035
-0.1064242
-0.06312412
-0.3873013
0.2312027
0.295356
-0.3225492
-0.4113901
0.3845769
0.1185501
0.03964275
-0.07847863
0.4530566
0.6450824
0.4260335
0.3885574
0.6852261
0.4580184
0.1176152
0.4238518
-0.4810468
-0.4950507
0.288517
-0.3135308
0.173169
-0.0803678
-0.3980851
0.1248328
0.08496946
-0.4235061
0.2994469
0.3711199
-0.2724649
-0.3946352
0.1705319
0.4718833
0.3903289
0.5553369
-0.408187
0.05630928
-0.4703867
-0.3918375
-0.3925843
-0.384585
-0.3544244
0.4065106
-0.4801458
0.1292828
-0.1329355
0.4964128
-0.4239326
-0.4359827
0.03852433
-0.005288661
-0.3512489
0.3185308
-0.1407971
0.4886408
-0.0167277
0.3010688
-0.0514366
0.5755785
-0.4482031
0.3305213
-0.2973
0.1254939
-0.2784671
0.2815162
-0.1992614
-0.03650194
0.1892359
-0.09954482
0.4034721
0.676173
0.2681379
0.1037039
-0.4923409
0.08990198
-0.8708525
-0.1109285
0.1878762
0.1218727
0.1468499
0.3916717
0.1175372
-0.3766484
-0.2132972
-0.1703129
-0.01505715
-0.3045434
-0.3676898
-0.4916788
0.2344924
-0.09350359
-0.3764063
0.2148608
0.3802305
0.3126827
-0.2895781
0.2957175
-0.1609929
0.1856173
0.3829803
0.2024124
0.212
0.3778573
-0.07472473
0.3488121
0.4713354
-0.4257219
-0.4886751
-0.3204178
0.002546728
-0.3764707
0.2301963
-0.3981296
0.1139519
-0.3530332
-0.4661618
-0.4122032
-0.09991437
0.07671827
-0.08315343
-0.1329209
0.2683138
-0.4065686
0.3907882
-0.4950677
0.2815298
0.2109416
0.00958699
-0.3008313
