-0.05887598
-0.476176
0.2502556
0.4817092
0.2743149
-0.3739336
0.3727883
0.289814
-0.3492117
0.3149486
0.09383368
-0.2119762
-0.03109139
-0.05066746
0.09231395
-0.7335713
-0.483416
-0.2154556
-0.02770919
-0.3020892
-0.1943886
-0.4893456
0.3069525
0.5050293
0.5604316
-0.2375726
-0.7239525
-0.20846
0.1869291
-0.7588543
-0.04976392
0.445888
-0.2585735
0.01633114
-0.6583657
-0.4171871
0.1592888
0.2236304
0.09893739
0.3797535
-0.152068
0.05107212
-0.282819
-0.9281465
0.462656
0.07556862
-0.05277449
-0.4926616
-0.1095825
0.09146202
0.100546
-0.3895522
-0.06493527
-0.02916867
-0.1500534
0.06856376
-0.09582371
0.375401
0.406397
-0.2841945
-0.0801819
0.4302874
0.5437561
0.16878
0.7901088
-0.1713999
0.2096197
-0.4453255
-0.2198948
-0.5105644
0.3258615
0.04752058
-0.008549273
0.1293178
0.1747563
-0.3136923
-0.09812361
-0.03211492
-0.1497385
-0.1486898
0.04058152
-0.4916449
0.1923891
0.3902913
-0.3653107
0.7922226
0.0006867051
-0.5102901
-0.4699389
0.1868396
0.2024374
-0.4494748
0.3020232
-0.07276696
0.2467979
-0.08681256
0.1770096
-0.4631279
0.186736
0.221946
-0.2784249
0.3270434
0.1592979
0.1569779
-0.4418412
0.1801693
-0.2853452
-0.4115452
-0.03898507
0.3732479
-0.27118
0.1966948
0.5234115
-0.05859417
0.5944971
0.239775
0.0164482
0.1627964
-0.3137141
0.019777
0.01148564
-0.2592399
-0.3835839
0.2959298
-0.4167482
-0.2060468
0.258891
-0.1500686
-0.8980092
0.4859918
-0.8394068
0.4157637
0.3021685
-0.1520022
-0.07257026
0.0255056
0.4166589
0.4506984
-0.07561612
0.3828739
0.346324
-0.1032621
0.3250539
-0.4438451
0.1104802
0.6148474
-0.3391994
-0.7189106
0.1606055
-0.1773349
-0.05202442
0.5714124
0.4982795
-0.2877867
-0.4734528
-0.4285254
-0.08762032
0.451721
-0.1359295
0.4345667
-0.1558331
0.02473187
0.6942736
-0.1305187
-0.03462553
-0.1829668
-0.3287103
-0.06511897
0.08362645
0.3967493
-0.7593399
0.538689
0.1541258
-0.1903736
0.2854474
0.7436895
-0.5082524
-0.1759142
0.05816661
0.2466626
-0.2626488
-0.3154724
-0.4326699
0.3638568
-0.2700632
-0.324141
0.1059775
-0.3768996
0.4714974
-0.5271528
0.1985152
-0.0912953
-0.479072
0.2771958
-0.2301341
0.5375758
0.4431348
0.1782172
-0.6401761
-0.3362352
0.2284591
0.2129133
-0.795285
0.06002384
0.4617215
-0.4777455
0.1655717
0.4051815
-0.0748902
0.4494259
0.6538519
-0.3493987
-0.07527536
-0.1642728
-0.072092
0.0690605
-0.04283994
0.4478801
-0.07379538
-0.2817261
-0.03189617
-0.1518679
-0.3604352
0.009105504
0.1958072
0.4644396
-6.920099E-05
-0.1800551
0.4532886
0.06648213
0.07670784
-0.8374685
0.2973852
-0.424439
0.02754182
-0.254577
-0.279711
0.1392827
0.4167058
-0.2901055
0.1172785
-0.4069973
-0.6222296
0.2046382
0.1016655
0.3842303
0.1618486
0.08305269
0.7658139
0.3900831
-0.09339243
0.1887642
0.129925
0.3807058
-0.02413052
0.01313776
0.2110625
-0.3715439
-0.217547
-0.1396017
0.4825275
-0.2546535
-0.06865072
-0.4224481
-0.05662215
-0.254669
0.02818274
0.08706933
-0.2084087
0.4105906
-0.2467073
-0.03594822
-0.4996151
0.4048185
0.2616454
0.2480779
-0.4041035
-0.5879595
-0.9206032
0.1484343
0.005660236
-0.617836
0.06529313
0.02869457
0.2780274
-0.4160848
0.2307069
0.0527975
0.4871461
0.1874395
-0.4574376
-0.4376198
0.3471236
-0.413838
0.3507438
-0.4908673
-0.4433697
-0.004172444
0.6019043
0.3971486
0.143416
0.2712617
-0.3100818
0.08712171
0.05493492
