-0.486987
0.4835962
-0.2939682
-0.008291423
0.06129903
0.4042348
-0.1674594
0.2712723
0.4238476
-0.2082404
-0.08230549
-0.331422
0.2282239
0.1838766
-0.4343351
0.2290268
-0.3587259
-0.3185829
-0.3176038
-0.4007435
-0.154606
0.1806929
-0.2989628
-0.08051032
-0.1838459
-0.3238078
0.1742172
-0.4108404
-0.4221029
0.4546219
0.0329017
-0.4911513
0.1036724
-0.1374606
-0.07133442
0.4872923
-0.0126875
-0.4880936
0.05095726
0.0305075
0.2281625
-0.276327
-0.05561393
-0.201519
0.3485893
-0.09962839
-0.2393584
-0.3444687
0.2142213
0.4297993
0.2790557
0.05474669
-0.244301
-0.1484318
-0.275
-0.3198118
0.4697945
0.03491288
-0.07682794
-0.06288606
-0.4342085
-0.4320523
0.4140549
0.2265497
-0.2374267
-0.3424785
0.06792158
0.4434341
0.324767
0.2823868
0.03831607
0.1976478
-0.3508399
0.08685988
0.04574138
-0.3357501
-0.1848344
0.1616657
-0.4864893
-0.4359592
0.110621
0.2845258
-0.1572629
0.08274394
0.2192508
0.2139084
0.1995159
-0.4514507
0.2198623
-0.4154761
0.1343286
0.4749608
0.0866639
-0.0884003
-0.4981927
-0.04086512
-0.2240738
-0.4628205
0.4445784
-0.3919235
0.3304778
0.2614208
0.498132
0.01314539
-0.1311811
0.1834142
-0.0423122
0.2615732
-0.3563393
-0.4303681
0.3158679
-0.3247108
-0.07202631
-0.344337
-0.2864995
0.1739778
0.1769508
0.2703638
0.376471
0.216408
0.3316815
0.312026
-0.2446185
0.1393374
0.4115628
-0.2302818
-0.01421398
0.03472227
-0.4575539
0.1325304
-0.4774649
-0.4807426
0.4327449
0.4756862
-0.3954358
-0.2999895
0.1113563
-0.3081654
0.2118783
0.1940828
0.4663779
0.4926114
0.4900626
0.4736907
-0.4697367
0.1000074
-0.2605076
0.288047
0.4855289
-0.3002167
-0.3398224
0.3875867
0.2977328
0.1408084
-0.0303492
-0.3975153
0.1510413
0.3765861
0.3619624
0.4371763
0.01019496
-0.03649646
0.2152245
-0.4446883
0.1006475
0.3133264
0.01557022
-0.3679873
-0.2739687
0.283281
0.01740807
-0.3184428
-0.2157355
-0.4828441
0.2537102
-0.147974
0.3625278
0.3166769
-0.1229901
0.09059364
0.2052246
-0.3469909
0.4417083
0.1486692
0.006408989
-0.03898078
0.05898207
-0.2827857
-0.4274852
0.4810767
-0.1684152
0.442894
0.02340382
-0.134524
0.08178037
0.01401883
-0.228523
-0.4168458
-0.2029721
0.110478
-0.1496459
0.05641335
-0.1004766
-0.3410678
-0.2940018
0.2546272
0.3493284
-0.3165451
-0.01644725
-0.3801901
0.4489466
-0.3143373
-0.07970399
0.2011844
0.07686704
0.05392152
-0.1213408
0.3101729
0.03703457
-0.3237854
-0.1260244
0.1318877
-0.05021888
-0.1450815
0.4848608
0.1267713
-0.4695511
0.3479885
0.1587407
0.3689271
-0.2620622
-0.1265922
-0.4832243
-0.1232172
0.06732291
0.4821672
-0.4060622
-0.09328359
0.1363076
-0.2366615
0.4973347
0.07163888
-0.4828668
-0.09737331
-0.2282699
0.1865105
0.3717389
-0.3566459
0.1650379
-0.3363137
0.09099668
0.2642639
-0.1885151
-0.1886749
-0.1821907
-0.3111242
0.2249036
-0.1801426
0.2600871
0.1345162
-0.1096348
0.2351335
0.3056742
0.06221622
0.4215288
0.2948242
0.1074356
-0.0328235
0.05664963
0.2664362
-0.4644275
0.0009040236
0.1354756
-0.001268327
-0.3592385
0.01768762
-0.4109319
-0.4240125
-0.2748787
-0.3091518
-0.3234968
0.4481575
0.04490179
0.3209127
0.2336559
-0.4533216
-0.09531873
0.3976747
0.2608403
-0.1469646
0.06152409
-0.4037594
0.2843684
-0.02737254
0.3081193
-0.1891331
0.2774172
-0.4863151
-0.4394168
0.1606103
-0.1230087
-0.3516726
0.3650181
-0.4797291
0.04612678
