2.135933
0.4665304
3.108863
1.154319
3.297443
0.07302785
-0.9516115
-0.04939669
-1.935615
2.955028
1.552587
-3.933469
1.664434
-4.049532
-2.701611
-1.682819
0.4493489
2.489669
0.3954983
2.827569
2.645936
-4.964189
2.173581
-1.947089
1.499484
0.5859967
-1.734584
2.564928
1.987743
-0.01852527
-1.172956
-0.297786
0.4978598
1.537046
3.290092
3.28503
2.66819
-0.6907314
3.565347
-6.349521
5.048114
0.7147375
0.329695
-0.7685308
0.3217234
4.742965
1.721814
0.3944805
-1.46454
-2.341906
3.9844
0.7704955
0.1944898
1.902928
1.377118
-0.08633314
0.001913756
-0.5755032
3.579019
-0.8133037
2.195653
0.8333148
1.56175
1.66989
-1.762928
-0.6289742
-1.700639
-0.6247728
-1.904151
-2.186055
-1.846708
3.748921
0.7580197
-4.796313
0.7860179
-3.764238
-0.6161505
2.161807
1.010107
-0.9984093
2.023333
-0.5396382
2.713855
-3.291371
2.544276
-0.0922868
-2.586674
1.743096
0.4665084
-1.738411
-0.06834744
1.550469
-3.486165
0.03268406
2.08494
5.063849
0.3128849
0.5727234
-3.437003
0.1369818
-1.32714
-0.29111
-2.050133
-3.539904
-1.397537
-0.1001784
-2.26515
2.951843
-2.261107
0.1169349
-0.8543485
2.587709
0.8982909
1.866558
0.6385411
2.481615
-0.6999211
-2.644541
1.370499
4.126092
0.606823
2.319688
3.723397
0.2169164
2.520159
4.034193
-1.721197
-2.282182
0.0145185
0.1307788
-2.678558
3.006577
-2.144681
-0.483907
1.528182
-0.7450985
1.886641
2.782532
0.952821
-1.826744
4.271784
3.329989
-1.902121
2.162444
1.839952
-0.9004405
-1.77264
3.125951
3.115065
0.5207027
-2.795543
-1.892809
-0.3571542
-2.90893
7.880523
3.246409
-2.748563
6.109107
1.144978
0.2588667
-0.5421458
0.3094497
6.050898
-1.309047
0.9025546
3.098066
0.6296466
1.542104
-3.21294
-0.9083331
-4.951292
-1.352514
0.9672237
-1.774617
1.362377
-0.3159149
-3.576821
1.175695
-2.513944
-0.4193476
0.2821057
1.896512
1.803577
-1.383686
-1.276219
4.799486
-1.901751
-0.09639674
-3.850659
-0.07832098
-1.490013
1.921534
-0.9187971
0.2986546
1.120757
-0.2029596
0.2407415
1.434668
-1.385097
-1.830734
0.7239392
3.352976
-5.972214
4.20813
0.3731238
7.478663
1.571144
-2.4719
3.029871
0.004387274
-0.3983425
-2.819844
-1.651619
-2.187741
-4.193155
0.1546433
3.281265
0.5526838
-3.040215
0.03373724
3.252409
0.8163451
1.495616
1.795081
-0.3614332
1.24399
7.481918
0.6872965
3.983941
0.4176838
0.190641
2.802785
3.260705
-6.140361
-1.253842
-2.415042
-1.337482
0.6840965
1.054197
1.999754
2.138631
-2.29516
-1.170977
-0.2714233
-4.256815
1.718384
-1.225398
0.2869683
1.166255
-1.281025
2.517199
0.8530684
-2.056265
-1.014847
2.795268
-3.261047
3.453346
-7.219492
-1.158198
-2.845759
2.013382
-0.906976
0.2042063
-0.373845
1.475463
0.1447771
-2.419555
-1.535622
-2.11523
-5.028769
6.741887
3.777601
-0.1773136
-0.3612513
1.109905
-5.168245
3.875447
-0.883396
-2.371124
0.5005355
-1.485417
-0.1282101
-3.100392
-2.072257
-3.701656
-0.7225793
3.742054
-1.637285
5.587673
0.135796
-2.822014
0.6025457
-1.050222
0.8730813
0.8315421
-0.6587425
1.958196
4.320017
-1.921137
2.55001
5.538346
-2.939727
-1.587223
1.855012
1.099024
