0.380392
-0.4250604
-0.1412575
-0.6210943
-0.3173566
-0.01515888
-0.1373117
0.04321785
-0.3512834
0.4356139
0.0976982
-0.0857978
0.2713073
-0.4270228
-0.3235316
0.1967894
0.1342432
-0.5506229
0.2282422
0.05162106
-0.006752327
-0.02998878
0.1853505
-0.2332861
0.1957456
0.09747621
0.1272501
-0.06778164
-0.1493075
-0.666766
-0.2869155
-0.4572567
-0.2422368
-0.01100828
0.0429171
-0.5451871
0.2676268
-0.1141035
-0.368686
-0.2475488
-0.05863291
-0.1250028
0.1863631
0.0661865
-0.06233424
0.3704759
-0.5240945
0.1778188
-0.0952953
-0.02555221
0.1431854
-0.4204517
-0.4707346
-0.3785464
-0.1066545
-0.3226179
-0.6510398
0.1239722
0.1300446
0.115976
0.5451487
0.280684
-0.1364563
0.2958925
-0.3611789
0.4039887
0.3954599
-0.3764212
-0.2683252
0.2048986
-0.2290481
0.3353445
-0.08416551
-0.4316951
-0.3740503
-0.3605392
-0.3877744
-0.07791805
-0.268933
0.07366146
-0.4970753
-0.3969978
0.02633214
-0.4510579
-0.1544194
-0.1930328
0.5421603
-0.5880955
-0.3483167
-0.1239457
0.02418487
0.3145252
0.6421237
-0.2214912
0.1434986
-0.05303104
-0.5435847
-0.02440761
-0.2544651
-0.3476007
0.5804077
-0.2099383
-0.3217415
0.142935
-0.2914715
0.33337
-0.2393594
0.2129817
-0.2610899
-0.0520184
0.2882212
-0.1771322
-0.4664535
0.02406247
-0.2032462
-0.364131
-0.2003025
0.04608482
-0.1839625
0.0193575
0.4449379
0.2553003
0.03982089
0.5540054
0.4818097
-0.2075883
-0.05536529
0.6240846
-0.3750294
-0.01913403
0.2418278
-0.3360271
0.4968817
0.172185
0.05129488
0.05384547
-0.3424549
-0.6250081
-0.2537338
-0.2679235
-0.2406702
-0.4267087
0.6831183
0.05184093
-0.3101457
0.1365618
0.0904873
0.01883064
-0.01640838
0.3282518
-0.2901853
-0.3043063
0.4641548
-0.2353801
-0.1979344
0.1829731
0.3446411
0.4594452
0.1706527
-0.001568601
0.2899199
0.3795398
-0.3931754
-0.002630696
-0.04793769
0.1408
0.2447317
-0.2571271
-0.02285756
0.3926815
0.3400952
-0.4356503
0.5114426
-0.09785241
-0.5275511
-0.5504937
0.407822
-0.5726276
0.4081168
0.002223402
0.6437977
0.3574876
-0.1153756
-0.5121924
-0.09578687
0.07309014
-0.1057932
-0.1775812
0.03134197
0.2463801
-0.2096011
0.3824071
-0.3047792
-0.6274378
-0.1540642
0.4862624
-0.4818949
0.3897502
-0.1762291
0.3893827
0.2677045
0.3451887
-0.1867382
0.3336158
-0.376218
0.3915322
0.02763318
0.375199
-0.4234237
0.3404799
0.2001397
0.051431
-0.5386232
-0.02584913
-0.1847551
0.6681721
-0.3699125
0.3360583
-0.1086152
-0.1427849
0.09243961
0.4444852
0.07623939
0.4256204
-0.4480944
0.2444973
-0.3156567
-0.2277628
0.477214
0.2041645
0.04227133
-0.1993141
0.134546
-0.2606367
-0.4178101
0.4714039
0.4586521
-0.2546607
0.05486322
0.1342547
0.4297013
-0.1730744
-0.4074275
0.02231389
-0.3749138
0.6018107
-0.06824554
-0.4074064
0.2316202
0.2894422
-0.2327451
0.3428177
0.05982757
0.06707722
0.2881508
0.3714934
0.4841318
0.06830543
-0.0409777
-0.3868962
0.5955691
-0.3611169
0.3440092
0.3111973
-0.3669933
-0.06102015
-0.19342
0.2872053
-0.3000093
0.3028667
0.174481
0.3573791
0.05614768
0.2650891
-0.1214585
-0.2514247
-0.04397567
-0.4635296
-0.4162091
0.09926227
-0.3192712
-0.1104022
-0.3284663
-0.3274542
0.04421736
-0.1834057
-0.3854005
-0.07937127
0.2724153
0.3508335
0.214982
-0.1562385
0.2439484
-0.1370244
0.3678102
0.3634745
0.08873017
0.337124
0.04366477
0.00601095
0.1940534
-0.139789
0.4011771
0.3967628
-0.4305145
